0619320101낸2019032010230215140130130 26 24 22 68             
0619320102낸2019032000121014139128128 28 19 22 6623 3A3       
0619320103낸2019032010230215146135135 20 18 17 52             
0619320104낸2019032000120914140138129 27 14 21 59             
0619320105낸2019032000110414163144126  4  8 24 44             
0619320106낸2019032000130214160131130  7 17 20 4923 405       
0619320107낸2019032000110414150128130 17 19 20 5723 3A3       
0619320108낸2019032010230215155137125 11 12 27 5423 405       
0619320109낸2019032010220915146128131 20 26 21 6522 3         
0619320110낸2019032010220915147124130 19 26 22 6622 3A3       
0619320111낸2019032010230214142134132 24 20 20 5623 3A3       
0619320112낸2019032010210414148132121 18 19 31 67             
0619320113낸2019032011010445143132120 20 15 24 5722 3A3       
0619320114낸2019032011030215146132114 18 15 32 682  3A3       
0619320115낸2019032000130214140135132 27 12 18 5322 3A3       
0619320116낸2019032010230214150137131 16 17 21 50             
0619320201낸2019032010230214143134135 23 19 17 5123 510       
0619320202낸2019032000110414146133135 21 19 15 52             
0619320203낸2019032000110414142128127 25 20 23 6722 505       
0619320204낸2019032010230236150138131 15 15 19 5123 3OP       
0619320205낸2019032010210445147132131 18 21 19 5621 416       
0619320206낸2019032010210414142142135 24 13 17 46             
0619320207낸2019032010230215154134143 12 20  9 38             
0619320208낸2019032000110414146127129 21 21 21 6323 410       
0619320209낸2019032010210435146138132 19 13 18 4831 3A3       
0619320210낸2019032010230214144136132 22 15 20 5023 3A3       
0619320211낸2019032000130214155140127 12  9 23 48             
0619320212낸2019032010230214130130129 36 21 23 6933 3         
0619320213낸2019032000130214151134131 16 14 19 5023 3A3       
0619320214뒞2019032110730235146135130 20 17 18 54             
0619320215낸2019032000121034137132131 29 16 17 57             
0619320216낸2019032010220914153134132 13 19 20 4933 3A3       
0619320301낸2019032010210454144132130 21 20 20 55             
0619320302늧201903230A1 16 0                                  
0619320303낸2019032000130214139126135 28 22 15 5923 3A3       
0619320304낸2019032000110414142128140 25 19 10 4832 410       
0619320305낸2019032000130224136130125 31 17 25 701  305       
0619320306낸2019032011020915144132125 20 14 21 5333 3A3       
0619320307낸2019032000130214140128127 27 19 23 6721 3A3       
0619320308낸2019032010230235151137131 14 13 19 46             
0619320309낸2019032010230215145134132 21 20 20 5813 3A3       
0619320310낸2019032010230234154136129 11 17 21 4711 405       
0619320311낸2019032010230214153134128 13 20 24 5512 3A3       
0619320312낸2019032010210444140129134 25 24 16 5511 3A3       
0619320313낸2019032010210415151128143 15 22  9 4131 605       
0619320314낸2019032010230235148129136 17 25 14 52             
0619320315낸2019032010230234138139134 27 15 16 47             
0619320316낸2019032010220914146135142 20 20 10 4033 3A3       
0619320401낸2019032000130244149130125 17 16 23 5822 305       
0619320402낸2019032010210415146134129 20 21 23 6331 305       
0619320403낸2019032010210445146133137 19 20 13 47             
0619320404낸2019032011030215140134135 24 14 11 41             
0619320405낸2019032010230245146132132 19 19 18 5423 510       
0619320406낸2019032010230215144132135 22 23 17 5811 3A3       
0619320407낸2019032010230224141138134 25 17 18 51             
0619320408낸2019032010230214144136132 22 15 20 5123 3A3       
0619320409낸2019032000130214154132126 13 15 24 5612 3A3       
0619320410낸2019032000130214140132128 27 20 22 67             
0619320411뒞2019032100130214150140133 18 13 18 49             
0619320412낸2019032000130214146138125 21 10 25 5721 305       
0619320413낸2019032010210415152131130 14 22 22 59             
0619320414낸2019032000130214139130133 28 17 17 5723 305       
0619320415낸2019032010220945142128131 23 23 19 6223 505       
0619320501낸2019032010730214139126130 29 27 21 7421 3A3       
0619320502낸2019032000120914144132122 23 20 28 73             
0619320503낸2019032010230215158134132  8 21 20 5223 305       
0619320504낸2019032000130214161144131  6  8 19 38             
0619320505낸201903200B121014                                  
0619320506낸2019032001130244168144129  0  5 16 28             
0619320507낸2019032000110434146134125 20 13 23 5722 3A3       
0619320508낸2019032010230214142131131 24 22 21 60             
0619320509낸2019032001121014149133126 16 17 21 56             
0619320510낸2019032000110414152142128 15 10 22 49             
0619320601뒞2019032110230214147132130 18 20 21 5423 416       
0619320602낸2019032000120914143130128 24 22 22 67             
0619320603낸2019032010220915150128127 16 24 25 67             
0619320604낸2019032010220914141132131 25 18 21 56             
0619320605낸2019032010230215144128133 22 25 19 63             
0619320606낸2019032011210445139124121 28 25 23 6721 3A3       
0619320607낸2019032010230225156132132 10 23 20 5523 305       
0619320608낸2019032010230214145134137 21 19 15 47             
0619320609낸2019032010220915150134132 16 21 20 5623 505       
0619320610낸2019032000130244156139126 10  7 22 4423 3A3       
0619320611낸2019032010210415148134134 18 21 18 55             
0619320701낸2019032000130214150131130 17 16 20 5423 3A3       
0619320702낸2019032010230215148134132 18 21 20 57             
0619320703낸2019032000130244137134134 29 17 14 54             
0619320704낸2019032010230214145132132 21 23 20 5711 405       
0619320705낸2019032010230215148128128 18 26 24 6823 3A3       
0619320706뒞2019032100130214143144143 25  9  8 35             
0619320707낸2019032010220914145123138 21 31 14 57             
0619320708낸2019032000120944146132122 20 19 26 67             
0619320709뒞2019032100130214153136131 15 17 20 54             
0619320710낸2019032000130234140134123 26 17 25 67             
0619320711낸2019032000110414145129131 22 19 19 5821 4A3       
0619320712뒞2019032100130214153142139 15 11 12 37             
0619320713낸2019032010230215155137125 11 13 27 5523 3A3       
0619320714뒞2019032110730245140139156 26 13  0 28             
0619320715낸2019032010230215156132132 10 22 20 54             
0619320716낸2019032000130214165134129  2 14 21 44             
0619320801낸2019032010211014144128133 22 26 19 6033 405       
0619320802낸2019032010210415151128139 15 23 13 4811 3A3       
0619320803낸2019032010230215148132132 18 23 20 6022 305       
0619320804낸2019032010230225154133129 12 18 23 55             
0619320805낸2019032010230215138132130 28 19 22 65             
0619320806낸2019032000130214139134128 28 18 22 65             
0619320807낸2019032000121014146128126 21 24 24 70             
0619320808낸2019032000110414137129130 30 23 20 69             
0619320809낸2019032010730215145132130 23 22 21 65             
0619320810낸2019032000110414164134128  3 13 22 4523 505       
0619320811낸2019032010230215145126132 21 25 20 6412 505       
0619320812낸2019032010230234141133127 24 17 23 5823 3A3       
0619320813낸2019032010230215146131139 20 22 13 50             
0619320814낸2019032000110414153134123 14 14 27 6021 3A3       
0619320815낸2019032010230215150134136 16 21 16 51             
0619320901낸2019032010230215146132131 20 19 21 583110OP       
0619320902낸2019032010230214140137127 26 16 25 6121 3         
0619320903낸2019032011030235155133121  8 14 23 4833 716       
0619320904낸2019032010230216149132129 17 23 23 6623 305       
0619320905낸2019032010230215148132128 18 21 24 63             
06193209062019031700130214171152151  0  0  0  0             
0619320907낸2019032010230214145134126 21 18 26 6122 3A3       
0619320908낸2019032000130234156140122 10 11 26 53             
0619320909낸2019032010710415142130133 26 23 18 64             
0619320910낸2019032000130234158143141  8  8  7 22             
0619320911낸2019032000120914140126129 27 21 21 6623 305       
0619321001낸2019032010230214136134127 30 19 25 6622 4A3       
0619321002낸2019032010230235146130129 19 24 21 62             
0619321003뒞2019032101110414139127128 26 19 20 6233 410       
0619321004뒞2019032110230214145132130 20 19 21 5523 305       
0619321005낸2019032010230215149126127 17 25 25 6911 305       
0619321006낸2019032010230215146128129 20 23 23 6612 3A3       
0619321007낸2019032010230214147136126 19 17 26 5923 616       
0619321008낸2019032011220916146134117 22 16 29 70             
0619321009낸2019032011210416146128120 22 25 26 75             
0619321010낸2019032010230234150136127 15 16 23 5111 405       
0619321101낸2019032001110434144124126 20 21 19 6022 5OP       
0619321102낸2019032001120914155140121 10 10 26 53             
0619321103낸2019032001130214158140127  7 10 20 43             
0619321104낸2019032011210416144130120 24 22 26 7321 505       
0619321105낸2019032001130214147146132 18  4 15 36             
0619321106늧201903230A1 16 0                                  
0619321107낸2019032001130214152146139 13  4  8 23             
0619321108낸2019032001120914140122123 25 28 24 77             
0619321109낸2019032001120914147136120 18 14 27 63             
0619321110낸2019032010230234137132127 28 20 23 6322 410       
0619321111낸2019032001110414142132126 23 14 21 5833 510       
0619321112낸2019032001121034130121126 34 28 19 75             
0619321113낸2019032010230236143125138 22 27 12 58             
0619321114낸2019032010230235148136128 17 18 22 57             
0619321115낸2019032010210435146130127 19 20 23 6213 710       
0619321116낸2019032010210445142128139 23 23 11 5032 305       
0619321201낸2019032000130214127128141 40 24  9 60             
0619321202낸2019032000121014149126120 18 26 30 78             
0619321203낸2019032000130254137123130 29 28 18 70             
0619321204낸2019032000130214142124128 25 23 22 6921 3A3       
0619321205낸2019032010220925144142131 22 12 21 52             
0619321206낸2019032000120914155140126 12 12 24 52             
0619321207뒞2019032101130214147131123 18 19 25 65             
0619321208낸2019032001110444148126120 16 19 25 6421 9OP       
0619321209낸2019032010230215150124132 16 30 20 65             
0619321210뒞2019032101130214137124124 28 22 24 7311 616       
0619321211낸2019032000130234158140127  8  7 21 4123 405       
0619321212낸2019032001110414154129122 11 21 25 63             
0619321213낸2019032010210415144126147 22 25  5 44             
0619321214낸2019032000120944142129137 24 18 11 4711 3A3       
0619321215낸2019032010230215144139138 22 12 14 43             
0619321216낸2019032010230215146125128 20 29 24 7222 6OP       
0719260101뒞2019032100130214162134130  6 19 21 52             
0719260102낸2019032001121014148138131 17 12 16 45             
0719260103낸2019032011210445146132128 21 18 16 4621 3         
0719260104낸2019032001110414148136124 17  9 23 5221 3A3       
0719260105늧201903230A1 16 0                                  
0719260106낸2019032011210434128120127 39 29 17 6413 410       
0719260107늧201903230A1 16 0                                  
0719260108낸2019032011210416148134123 20 18 23 63             
0719260109낸2019032001120914148138124 17 12 23 55             
0719260110낸2019032010730214147136131 21 17 20 58             
0719260111낸2019032001110414136130131 29 15 16 5511 3         
0719260112낸2019032011220926147137126 21 16 20 5733 3A3       
0719260113낸2019032000110414148132132 19 16 18 5231 3         
0719260114낸2019032010230244144145137 21  9 13 33             
0719260115낸2019032001110414147137120 18 13 27 62             
0719260116낸2019032001110434154140131 10  9 14 35             
0719260201뒞2019032101130234151132124 13 13 22 5223 3A3       
0719260202낸2019032010230244142126128 23 25 22 64             
0719260203낸2019032001120914153130125 12 16 22 5432 3         
0719260204낸2019032010210415148134130 18 19 22 5923 305       
0719260205낸2019032010230215151130132 15 25 20 6023 405       
0719260206낸2019032010230215149136128 17 18 24 6023 405       
0719260207낸2019032010220915147124130 19 27 22 6722 3A3       
0719260208낸2019032010730235158132127  9 19 22 5523 3A3       
0719260209낸2019032010220945148134132 17 19 18 5223 516       
0719260210낸2019032010230214146134134 20 21 18 5212 3A3       
0719260211낸2019032011730235150134118 16 17 24 58             
0719260212낸2019032011230216149128129 19 24 17 6021 3A3       
0719260213낸2019032000130244152138141 14 13  7 31             
0719260214낸2019032000110424129129135 38 18 15 62             
0719260215낸2019032011210436146134123 21 17 21 6022 3A3       
0719260216낸2019032010220945148138129 17 16 21 53             
0719260301낸2019032010210446145131135 20 22 15 5623 605       
0719260302낸2019032010210415147140130 19 13 22 5311 3A3       
0719260303낸2019032001120914153130125 12 16 22 5423 3A3       
0719260304낸2019032010710414139126130 29 26 21 7323 305       
0719260305낸2019032011230236147135126 20 16 18 541  3A3       
0719260306낸2019032011410446154138117 13 13 23 5312 3         
0719260307낸2019032011210436145142139 22  9  5 29             
0719260308낸2019032011430215148134122 20 19 20 59             
0719260309낸2019032010210415144132146 22 23  6 4333 3A3       
0719260310낸2019032011230236151124126 16 26 18 61             
0719260311낸2019032000130214152138128 15 10 22 49             
0719260312낸2019032001110414135126137 30 24 10 56             
0719260313낸2019032001110434140122124 24 27 21 71             
0719260314낸2019032000120914150132133 17 16 17 50             
0719260315낸2019032011210416156136117 12 16 29 6531 305       
0719260316낸2019032001130214138129126 27 16 21 6213 405       
0719260401낸2019032010220914149138134 17 17 18 4623 8A3       
0719260402낸2019032010220915146131130 20 22 22 6332 3A3       
0719260403낸2019032010230215152136131 14 18 21 54             
0719260404낸2019032011220916147136127 21 15 19 54             
0719260405낸2019032001110414145126135 20 20 12 4932 305       
0719260406낸2019032010230215152132129 14 19 23 5711 305       
0719260407낸2019032011210436142130128 25 22 16 60             
0719260408낸2019032001120914155132134 10 13 13 3811 3A3       
0719260409낸2019032000110414155137129 12 10 21 4622 3A3       
0719260410낸2019032011210416153130129 15 22 17 56             
0719260411낸2019032011730216138128122 29 24 22 73             
0719260412낸2019032000120944156134123 10 17 25 58             
0719260413낸2019032010230215147132131 19 22 21 61             
0719260414낸2019032001130214150134125 15 11 22 512  3A3       
0719260415늧201903230A1 16 0                                  
0719260416낸2019032001130214156136123  9 14 24 53             
0719260501낸2019032011020915148132120 16 15 26 58             
0719260502낸2019032011230214150134118 18 18 28 55             
0719260503낸2019032010730215150130131 18 23 20 6223 405       
0719260504낸2019032011210416150133125 18 20 21 61             
0719260505낸2019032011030215140132123 24 16 23 59             
0719260506낸2019032011230246147128124 20 24 20 65             
0719260507낸2019032010220915150129131 16 22 21 5922 3A3       
0719260508낸2019032010220914133128127 33 24 25 73             
0719260509낸2019032000130214148134125 19 14 25 6023 3         
0719260510낸2019032010230214148125128 18 30 24 68             
0719260511낸2019032011210416143128129 25 24 17 6433 505       
0719260512낸2019032010730215145140130 23 13 21 5623 3A3       
0719260513낸2019032001121014147131121 18 19 26 67             
0719260514낸2019032001121014147135127 18 15 20 54             
0719260515낸2019032010230214142140125 24 14 27 6023 516       
0719260516낸2019032010230214138130132 28 21 20 5913 3A3       
0719260517낸2019032010221015148134135 18 18 17 51             
0719260601낸2019032001110414140130137 25 20 10 49             
0719260602낸2019032010210415142128135 24 23 17 6021 3A3       
0719260603낸2019032011210416145132120 23 20 26 7121 4OP       
0719260604낸2019032001110414154134132 11 16 15 44             
0719260605늧201903230A1 16 0                                  
0719260606낸2019032000130214147133126 20 15 24 6011 305       
0719260607낸2019032010230214143134133 23 20 19 54             
0719260608괉2019031911220946160128116  5 22 27 62             
0719260609낸2019032000120914141126127 26 21 23 6921 3A3       
0719260610낸2019032011230236148132122 19 19 22 6223 3A3       
0719260611낸2019032001110414147132125 18 13 22 5511 3A3       
0719260701낸2019032001130214142130130 23 16 17 5421 405       
0719260702낸2019032010230215142134139 24 17 13 4823 3A3       
0719260703낸2019032010230214139135143 27 16  9 39             
0719260704낸2019032001130214147132124 18 18 23 61             
0719260705낸2019032001130214152131123 13 19 24 61             
0719260706낸2019032001121014147130126 18 20 21 61             
0719260707낸2019032010230214142140133 24  9 19 44             
0719260708낸2019032001120934153132122 11 17 23 56             
0719260709낸2019032000130214149137129 18 15 21 55             
0719260710뒞2019032101130214150135127 15 15 21 54             
0719260711낸2019032001130214140131127 25 19 20 62             
0719260712낸2019032000130214149138134 18 14 16 47             
0719260713낸2019032011210414142134127 26 19 19 49             
0719260714낸2019032010220914149128133 17 22 19 53             
0719260715낸2019032011030215144136129 20 12 17 45             
0719260716낸2019032011210446146128122 21 23 22 67             
0719260801낸2019032011730215136126115 31 26 29 83             
0719260802낸2019032010230214149136141 17 16 11 36             
0719260803낸2019032001110414139128123 26 22 24 72             
0719260804낸2019032001130214145132134 20 18 13 49             
0719260805낸2019032001130214148138127 17 12 20 51             
0719260806낸2019032001130214144126129 21 24 18 62             
0719260807낸2019032001110414145130125 20 20 22 63             
0719260808낸2019032000130214150131124 17 21 26 67             
0719260809낸2019032010730215143139140 25 15 11 45             
0719260810낸2019032010730215147126134 21 28 17 64             
0719260811낸2019032010230245151138128 14 16 22 5323 3A3       
0719260812낸2019032000121014147130123 20 22 27 71             
0719260813낸2019032001130214154125125 11 25 22 63             
0719260814낸2019032001130214140132124 25 18 23 66             
0719260815낸2019032010730215138130131 30 23 20 6921 3A3       
0719260816낸2019032000130224156138126 11  9 24 4923 410       
0719260901낸2019032010230214142136128 24 19 24 6123 3A3       
0719260902낸2019032010210415152134131 14 17 21 5333 3A3       
0719260903낸2019032011030215133127126 31 20 20 6423 3A3       
0719260904낸2019032011230236146126126 21 21 18 6023 610       
0719260905낸2019032001120914144136125 21 14 22 58             
0719260906낸2019032011210416152134124 16 18 22 5911 516       
0719260907낸2019032001110414150134123 15 11 24 5431 3A3       
0719260908낸2019032001130234149128121 15 21 24 64             
0719260909낸2019032001130234140128132 24 21 13 54             
0719260910낸2019032010230245150134130 15 19 20 5423 6A3       
0719261001낸2019032011210416144131141 24 21  5 43             
0719261002낸2019032001120914143121125 22 29 22 73             
0719261003낸2019032001110434142124130 22 25 15 60             
0719261004낸2019032010230214147124126 19 27 26 69             
0719261005낸2019032001130214141134127 24 16 20 59             
0719261006낸2019032001121014138122127 27 23 20 6821 5OP       
0719261007뒞2019032101120914145121126 20 29 22 72             
0719261008뒞2019032101130234156131120  8 18 26 60             
0719261009늧201903230A1 16 0                                  
0719261010낸2019032011230224142138124 26 14 22 4823 3A3       
0719261011낸2019032001110414142126130 23 24 17 62             
0719261012낸2019032011720945132138113 34 13 29 72             
0719261013낸2019032000121014147138118 20 10 32 6621 305       
0719261101낸2019032000120914149132125 18 20 25 65             
0719261102낸2019032001110434147130123 17 19 22 60             
0719261103뒞2019032111630235152117115 12 23 23 62             
0719261104낸2019032010220914140134122 26 21 30 72             
0719261105낸2019032001110434147128120 17 16 25 6221 610       
0719261106낸2019032001110414150128120 15 22 27 69             
0719261107낸2019032010230226155128126 11 27 26 71             
0719261108낸2019032001120914137120123 28 30 24 81             
0719261109낸2019032011030215134120122 30 27 24 7622 405       
0719261110낸2019032001110414138126131 27 19 16 583  405       
0719261111낸2019032001110414143128121 22 17 26 6733 610       
0719261112낸2019032001130234158136123  6 13 22 48             
0719261113낸2019032001130234139125124 25 24 21 69             
0719261114낸2019032000121014148128123 19 24 27 73             
0719261115낸2019032001120914129119125 36 31 22 84             
0719261116낸2019032010221035156125125  9 26 25 6523 305       
0719261117낸2019032001110414155128123 10 17 24 5711 6OP       
0719261118낸2019032001110414157130125  8 16 22 5231 5OP       
0719261201낸2019032000130214148126121 19 26 29 78             
0719261202낸2019032001110414140127127 25 18 20 6221 3A3       
0719261203낸2019032010230215148131131 18 23 21 6133 305       
0719261204낸2019032000120944135128123 31 23 25 76             
0719261205낸2019032001121044150136126 14 13 19 48             
0719261206뒞2019032110230214149140149 16 11  2 18             
0719261207뒞2019032101130214160144139  5  6  9 22             
0719261208낸2019032010220914137132127 29 20 25 6723 6OP       
071926120920190317011302 4176143133  0  9 17 32             
0719261210낸2019032010220914147134129 19 21 23 58             
0719261211낸2019032011210416151130124 17 23 22 65             
0719261212낸2019032001130214137135128 28 15 19 59             
0719261213낸2019032001110414142132125 23 14 22 5921 405       
0719261214낸2019032011230236153130122 14 21 22 6013 610       
0719261215낸2019032011230246146129126 21 19 18 5723 305       
0719261216낸2019032001110414151130128 14 20 19 55             
0919220101낸2019032001121034146134122 18 11 23 5411 3         
0919220102낸2019032001120914153120135 12 30 12 54             
0919220103낸2019032001110414148135128 17 15 19 52             
0919220104낸2019032001130214153137124 12  8 23 4831 3A3       
0919220105낸2019032011710416140127127 27 24 17 65             
0919220106낸2019032011230216145130127 23 22 19 63             
0919220107낸2019032001130214155136131 10 14 16 43             
0919220108낸2019032011730236157128118  9 23 24 63             
0919220109낸2019032001130214133126135 32 19 12 5612 3         
0919220110낸2019032001120934152128123 12 16 22 5512 3A3       
0919220111낸2019032011230214142138124 26 15 22 4923 410       
0919220112낸2019032001110414147126123 18 19 24 6432 3A3       
0919220113낸2019032001110414149129124 16 21 23 63             
0919220114낸2019032001130214146136126 19  9 21 5012 3A3       
0919220115낸2019032011210416152141117 16 11 29 6233 3A3       
0919220116뒞2019032101110414144126132 21 20 16 55             
0919220201낸2019032011230215150139127 18 12 19 43             
0919220202낸2019032001110434137126126 27 19 19 6211 710       
0919220203낸2019032001110414143126130 22 24 17 61             
0919220204낸2019032001130244136130133 28 19 12 53             
0919220205낸2019032001110414140130126 25 15 21 6011 3A3       
0919220206늧201903230A1 16 0                                  
0919220207낸2019032011210436146130127 21 18 17 5531 3A3       
0919220208낸2019032011230214151140126 17 13 20 3913 3A3       
0919220209낸2019032001130214145137127 20 13 20 53             
0919220210낸2019032001120914143130130 22 20 17 57             
0919220211뒞2019032101110434136134136 28 11 10 4233 405       
0919220212뒞2019032101130214153132124 12 14 24 5423 3         
0919220213낸2019032001130244147132123 17 17 22 58             
0919220214낸2019032001110414143131137 22 19 10 47             
0919220215낸2019032011210436152133127 15 19 17 5221 410       
0919220216낸2019032001110414151130125 14 20 22 60             
0919220301낸2019032011210416149130125 19 20 21 6121 410       
0919220302낸2019032011210415142130133 26 21 13 4831 3         
09192203032019031711230213153153137 15  0 10  2             
0919220304낸2019032001110414146133125 19 13 22 5631 5OP       
0919220305낸2019032001110414138128136 27 22 11 54             
0919220306낸2019032001110434146137127 18 12 18 48             
0919220307낸2019032001110434154134131 10 15 14 41             
0919220308낸2019032011211014148136123 20 16 23 48             
0919220309낸2019032001130214156150149  9  0  0  5             
0919220310낸2019032001110414144126127 21 24 20 65             
0919220311낸2019032011210436140126136 27 26  8 5431 3A3       
0919220312낸2019032001121034159134123  5 11 22 4511 3         
0919220313낸2019032011210436150130124 17 19 20 5811 3A3       
0919220314낸2019032001130214149142134 16  8 13 36             
0919220315뒞2019032101120914157128119  8 18 29 6433 3A3       
0919220401낸2019032011230236151132132 16 18 12 4523 616       
0919220402낸2019032010230214148148130 18  7 22 42             
0919220403낸2019032011230236146132120 21 20 24 67             
0919220404뒞2019032111230236133130128 33 21 16 63             
0919220405낸2019032010730236143132130 24 21 19 62             
0919220406낸2019032010730235146140139 21 11 10 38             
0919220407낸2019032011230235144121124 23 27 20 62             
0919220408낸2019032011230236146128125 21 24 19 64             
0919220409낸2019032011220936146124124 21 24 20 65             
0919220410낸2019032010230215146136133 20 15 19 51             
0919220411낸2019032011230234124126139 43 21  5 42             
0919220412낸2019032010730235144136141 23 16  8 41             
0919220413낸2019032010220935146128129 19 22 21 60             
0919220501낸2019032011210444135130127 32 21 17 5233 405       
0919220502뒞2019032111230215155142117 12 10 29 5023 605       
0919220503낸2019032011220946148134123 19 18 21 5921 3A3       
0919220504낸2019032011230216137132128 31 20 18 6521 405       
0919220505낸2019032011210435156132123 11 20 21 5011 3         
0919220506낸2019032001110414141128129 24 17 18 5731 3A3       
0919220507낸2019032011210417143142144 25 11  2 29             
0919220508낸2019032011721046145130121 21 20 21 63             
0919220509낸2019032011210416146142126 22 10 20 5221 3A3       
0919220510뒞2019032101110414147134126 18 12 22 5321 705       
0919220511낸2019032001120934150136124 14  8 21 4631 405       
0919220512낸2019032001121014149138127 16  7 20 4511 405       
0919220513뒞2019032111210416142136132 25 16 14 50             
0919220514낸2019032001120914150134129 15 16 18 51             
0919220515뒞2019032101130234159125118  5 20 28 621  3A3       
0919220516낸2019032001130214158138129  7 12 18 42             
0919220517낸2019032011220946146132129 21 17 15 5113 305       
0919220518낸2019032001130244137129127 27 20 18 62             
0919220601낸2019032011210416152128125 16 24 21 63             
0919220602낸2019032001110434140135126 24 14 19 55             
0919220603낸2019032011210436145126126 22 25 18 63             
0919220604낸2019032001110414151142128 14  3 19 3921 3A3       
0919220605낸2019032011210415154138128 14 12 18 39             
0919220606낸2019032011230216144138121 24 14 25 6433 3         
0919220607낸2019032001120934143127129 21 17 16 5333 405       
0919220608낸2019032001130234146139128 18 10 17 45             
0919220609낸2019032011210446150133123 17 15 21 5513 3A3       
0919220610낸2019032001110414150134126 15 16 21 55             
0919220701낸2019032001121014151132125 14 18 22 58             
0919220702낸2019032000120914151131130 16 21 20 58             
0919220703낸2019032001110414155136127 10  9 20 4431 3A3       
0919220704낸2019032011230215152145131 16  7 15 3121 3         
0919220705낸2019032001120914139128123 26 22 24 72             
0919220706낸2019032011210436152128116 15 24 28 7311 3A3       
0919220707낸2019032011220946155132127 12 19 17 50             
0919220708낸2019032001130214147124132 18 26 15 58             
0919220709낸2019032011220916141135133 27 18 13 5311 505       
0919220710뒞2019032101130234155129128  9 20 18 51             
0919220711낸2019032001120914145126134 20 19 13 5011 3A3       
0919220712낸2019032011230216153140120 15 13 26 5923 3A3       
0919220801낸2019032011430216148138118 20 15 24 61             
0919220802낸2019032001130234145141129 19  8 16 42             
0919220803낸2019032011230216154136123 14 14 23 55             
0919220804낸2019032001130244160134125  4 15 20 46             
0919220805낸2019032001121014144140130 21 10 17 47             
0919220806낸2019032001110414151129126 14 21 21 59             
0919220807낸2019032011210415146128130 22 21 16 50             
0919220808낸2019032001121014161138122  4 12 25 50             
0919220809낸2019032001120934145128129 19 21 16 55             
0919220810낸2019032010720915144130126 24 24 25 73             
0919220811뒞2019032101130234175148134  0  1 12 18             
0919220901낸2019032011230216152140127 16 11 19 47             
0919220902낸2019032001130214141134120 24 16 27 69             
0919220903낸2019032011230236148130125 19 21 19 6023 505       
0919220904낸2019032001110414132130128 33 20 19 67             
0919220905낸2019032011210445152130123 15 21 21 5223 3A3       
0919220906낸2019032001120914149136124 16 14 23 56             
0919220907낸2019032001120914144136122 21 14 25 62             
0919220908낸2019032001130234145128125 19 21 20 61             
0919221001낸2019032011230214139136118 29 17 28 61             
0919221002낸2019032011230216148134132 20 18 14 50             
0919221003낸2019032010230214138132130 28 19 22 61             
0919221004낸2019032001130234148136124 16 13 21 52             
0919221005낸2019032001130214139132123 26 13 24 6313 510       
0919221006낸2019032001110414149130124 16 20 23 62             
0919221007낸2019032010230235149132128 16 22 22 60             
0919221008낸2019032001130214162142131  3  8 16 33             
0919221009낸2019032001120914141130123 24 20 24 68             
0919221010낸2019032001130214153142135 12  8 12 32             
0919221011낸2019032001120914141134122 24 16 25 66             
0919221012낸2019032001130214141134130 24 16 17 55             
0919221101낸2019032010221015144122128 22 31 24 7623 610       
0919221102뒞2019032101130234149120119 15 29 27 76             
0919221103뒞2019032101120934153130124 11 19 22 57             
0919221104낸2019032011220936146128128 21 23 16 5911 3A3       
0919221105낸2019032001110414140124124 25 26 23 74             
0919221106낸2019032001130234146141126 18  8 19 46             
0919221107낸2019032001110414138120121 27 30 26 83             
0919221108낸2019032010220935150130129 15 24 21 60             
0919221109낸2019032000130214133124128 34 28 22 79             
0919221110낸2019032011210416144136119 24 17 27 70             
0919221111낸2019032011220916151132121 17 20 25 6613 6OP       
0919221112낸2019032001110434142127123 22 22 22 66             
0919221113낸2019032011230246151128123 16 23 21 6223 305       
0919221114낸2019032010230235148132126 17 18 24 5911 6OP       
0919221115낸2019032011210436144139119 23 13 25 62             
0919221116낸2019032001110414154122125 11 23 22 6123 410       
0919221117낸2019032010210415148134128 18 17 24 6033 6OP       
0919221201낸2019032011220914144136121 24 17 25 542  3A3       
0919221202뒞2019032111230216145130126 22 19 20 59             
0919221203낸2019032001110414130124129 35 26 18 73             
0919221204낸2019032001110414143126124 22 24 23 70             
0919221205낸2019032001110434131124131 33 20 14 6023 305       
0919221206낸2019032011230236150129122 17 22 22 6431 505       
0919221207낸2019032001130214143132133 22 18 14 51             
0919221208낸2019032011410416141134124 27 19 18 61             
0919221209낸2019032011210416146134121 22 19 25 68             
0919221210낸2019032001110444137128126 27 21 19 64             
0919221211낸2019032001130214143137126 22 13 21 56             
0919221212낸2019032001110414146133127 19 13 20 5323 3A3       
0919221213낸2019032011220914164122129  4 28 17 42             
