061932010116102185ファロ　　　　　　　　　　　　　　　  5.5  1.8  8.5 10.7  6.5 11 11.6                           
061932010216100314イエスユウキャン　　　　　　　　　　 18.2  4.1-10.0 -9.0 -6.3 -1  0.0                           
061932010316100141ロジベーカ　　　　　　　　　　　　　 34.6  7.0 -5.6  6.3  0.6  6  0.0                           
061932010416103912ハートハーツ　　　　　　　　　　　　 19.4  4.3-10.0  2.2 -2.2  3  0.0                           
061932010516102368ヤンチャプリヒメ　　　　　　　　　　  7.2  2.2 10.0  8.0  5.9 11 10.3                           
061932010616100181カッチョエペペ　　　　　　　　　　　  2.6  1.4 20.0 19.2 13.0 18 18.1                           
061932010716105796ハナイカダ　　　　　　　　　　　　　129.2 23.8-10.0 -6.4 -5.3  0  0.0                           
061932010816105224カフェドラペ　　　　　　　　　　　　  7.0  2.1 -1.1 15.0  5.2 10  0.0                           
061932010916101321エリーピクシー　　　　　　　　　　　 49.4  9.8 -8.0 -8.4 -5.5  0  0.0                           
061932011016100950ホワイトハッカー　　　　　　　　　　 76.9 14.4-11.4-20.0-10.8 -6  0.0                           
061932011116102674コウユーモゼ　　　　　　　　　　　　169.1 31.0 -6.2 -7.5 -4.6  0  0.0                           
061932011216101146リトルエイト　　　　　　　　　　　　  5.7  1.9 17.5 11.1  9.3 14  8.9                           
061932011316102344サイファリス　　　　　　　　　　　　 19.1  4.3  4.4  2.8  2.3  7  0.0                           
061932011416103539オキミヤゲ　　　　　　　　　　　　　142.9 26.3-13.4-15.3 -9.6 -5  0.0                           
061932011516102076ハナダマ　　　　　　　　　　　　　　 29.9  6.2-10.0-11.7 -7.3 -2  0.0                           
061932011616100592ダルメイン　　　　　　　　　　　　　 15.6  3.6  3.7 -7.0 -1.5  4 15.4C                          
061932020116101305ゴー　　　　　　　　　　　　　　　　 20.8  4.0  6.0  3.8  3.2  8  0.0                           
061932020216100106フィストバンプ　　　　　　　　　　　 20.4  4.0-10.0 -5.5 -5.0  0  0.0                           
061932020316110117モントカイザー　　　　　　　　　　　 41.3  7.2-10.0  6.3 -0.7  4  0.0                           
061932020416110080プリモスペード　　　　　　　　　　　 22.7  4.3  9.7  3.3  4.1  9  0.0                           
061932020516110090マキ　　　　　　　　　　　　　　　　  3.8  1.4 17.3 17.8 11.7 17 11.6                           
061932020616106019パワーリンク　　　　　　　　　　　　 32.5  5.8-11.4  6.6 -1.0  4  0.0                           
061932020716106564ラスボス　　　　　　　　　　　　　　161.2 25.5-11.4 -7.6 -6.2 -1  0.0                           
061932020816103764ネクストスクワッド　　　　　　　　　 12.7  2.7 20.0 -4.7  4.3  9 10.3                           
061932020916103191リュウグウオー　　　　　　　　　　　 73.6 12.0 -2.2-12.5 -5.2  0  0.0                           
061932021016104985ベンガラグンジョウ　　　　　　　　　  2.4  1.3 17.9 19.8 12.6 18 18.1                           
061932021116100889ワンダーヴァレッタ　　　　　　　　　  8.7  2.2  6.0 10.1  5.5 11  0.0                           
061932021216105278ヴァンキッシュアイ　　　　　　　　　 50.7  8.7-11.4-12.5 -8.0 -3  0.0                           
061932021316105558シュリュッセル　　　　　　　　　　　 59.3  9.8-10.0-12.0 -7.4 -2  0.0                           
061932021416102258リワードアンヴァル　　　　　　　　　  6.2  1.8 10.4  9.9  6.8 12 21.4C                          
061932021516105251ダークロード　　　　　　　　　　　　 27.8  5.1  6.0 10.8  5.8 11  0.0                           
061932021616100563カズノマックイーン　　　　　　　　　 40.7  7.1-11.4-14.4 -8.7 -4  0.0                           
061932030116100624アプラウス　　　　　　　　　　　　　 38.1  8.3-11.4-10.3 -7.2 -2  0.0                           
061932030216102081オルクリスト　　　　　　　　　　　　  4.0  1.6 15.7 18.7 11.6 17  5.3                           
061932030316102213タカラパーティ　　　　　　　　　　　 33.1  7.3 20.0  0.6  6.2 11 13.7A                          
061932030416101473ゴールデンチョイス　　　　　　　　　 14.5  3.6-10.0 11.6  1.3  6  0.0                           
061932030516106248ビジュミノル　　　　　　　　　　　　 15.3  3.8-10.0 -1.9 -3.7  1  0.0                           
061932030616106592ガッサンベリー　　　　　　　　　　　 90.2 18.2-13.4 -9.2 -7.4 -2  0.0                           
061932030716105531クリスタルアワード　　　　　　　　　  4.1  1.6 15.0 13.9  9.6 15  6.3  5                        
061932030816104075マイミッション　　　　　　　　　　　 31.2  6.9 -3.6 11.9  3.3  8  9.1                           
061932030916103682クリノリトルスター　　　　　　　　　 98.8 19.9-11.4-15.3 -9.0 -4  0.0                           
061932031016103936タイセイアルディ　　　　　　　　　　 18.6  4.5  5.2  7.9  4.5  9  0.0                           
061932031116106147アシャカホンマル　　　　　　　　　　  4.0  1.6 18.4 28.7 16.0 21 14.0                           
061932031216103705スローエクスプレス　　　　　　　　　 87.7 17.7-11.4-19.4-10.5 -6  0.0  0                        
061932031316104146スイセー　　　　　　　　　　　　　　114.9 23.0-11.4-13.0 -8.2 -3  0.0                           
061932031416102386モリトローテローゼ　　　　　　　　　  6.0  2.0 16.4 21.1 12.7 18 23.1                           
061932031516102813ゴールドプラネット　　　　　　　　　  8.5  2.6  7.8 16.4  8.4 13  0.0                           
061932031616102457ミラージュ　　　　　　　　　　　　　 50.3 10.7-11.4-15.0 -8.9 -4  0.0                           
061932040116102155ココリガストン　　　　　　　　　　　 67.4 15.0-10.0-10.5 -6.8 -2  0.0                           
061932040216104123コトブキアゲート　　　　　　　　　　  8.8  2.8 19.1 15.0 11.2 16  0.0                           
061932040316100411ヴェリートレビアン　　　　　　　　　 13.7  3.7  2.7  2.9  1.9  7  0.0                           
061932040416109093カミノシルヴィ　　　　　　　　　　　 14.5  3.9 -3.9 15.9  4.7 10  0.0                           
061932040516105468ダークオブザナイト　　　　　　　　　 64.3 14.3-11.4  9.4  0.0  5  0.0                           
061932040616102385ニシノアレグロ　　　　　　　　　　　 97.6 21.4 -6.0 -9.0 -5.1  0  0.0                           
061932040716104965エフェクトオン　　　　　　　　　　　  5.2  2.0  8.4 15.4  8.2 13  0.0                           
061932040816106397レオ　　　　　　　　　　　　　　　　  4.6  1.8 12.9 18.5 10.7 16 12.8                           
061932040916105209ヘヴンリータイム　　　　　　　　　　 37.7  8.9-10.0 -4.3 -4.6  0  0.0                           
061932041016104040ヤギリオーディン　　　　　　　　　　  7.1  2.4-10.0 19.5  4.2  9  7.2  3                        
061932041116102337フライクーゲル　　　　　　　　　　　 26.0  6.3-10.0-12.1 -7.4 -2  9.7                           
061932041216105254ゲットリズム　　　　　　　　　　　　 27.7  6.7 20.0-10.0  2.3  7 10.1                           
061932041316103041レッドクーゲル　　　　　　　　　　　  5.0  1.9  2.8 -1.3  0.4  5  5.8                           
061932041416101210イフユーワナ　　　　　　　　　　　　 14.5  3.9-10.0  0.5 -2.8  2 22.1                           
061932041516103294ウォルフズハウル　　　　　　　　　　  6.8  2.3  5.2  0.4  1.7  7  9.6                           
061932050116105313ナーゲルリング　　　　　　　　　　　 23.0  4.1  6.2  7.2  4.5 24  0.0  5                        
061932050216103261マーマレードガール　　　　　　　　　  7.4  1.9-10.0 26.8  6.8 27  0.0                           
061932050316103885アマデウス　　　　　　　　　　　　　  6.2  1.7  7.8 14.0  7.5 27  6.2                           
061932050416103017ルマーカーブル　　　　　　　　　　　  8.2  2.1 10.0 12.0  7.4 27 24.7A                          
061932050516103423シェリーアモール　　　　　　　　　　 46.5  7.6-14.3-10.0 -8.0 12  0.0                           
061932050616100964タガノジェロディ　　　　　　　　　　  5.8  1.7 18.8 10.6  9.5 30  5.8                           
061932050716102703バームクーヘン　　　　　　　　　　　 50.5  8.2-10.0-18.6 -9.8 10  0.0                           
061932050816110058ヴォイスオブジョイ　　　　　　　　　  1.9  1.2 21.9 30.0 17.6 38 18.1                           
061932050916104751ブラックダンサー　　　　　　　　　　  9.3  2.2 -2.1 19.5  6.5 27 10.9                           
061932051016102319エンパイアシュアー　　　　　　　　　 20.7  3.8-10.0  4.1 -1.5 19  0.0                           
061932060116104926フォルコメン　　　　　　　　　　　　  3.6  1.4 14.1 17.9 10.8 31 14.0                           
061932060216100049クロムウェル　　　　　　　　　　　　 34.3  6.7-10.0 -9.5 -6.5 14  0.0                           
061932060316102225ランペドゥーザ　　　　　　　　　　　 17.3  3.8  1.3  9.3  3.8 24  8.2                           
061932060416104634ハーメティキスト　　　　　　　　　　  4.6  1.6 15.7 12.1  9.1 29 15.1                           
061932060516100695ミチビキ　　　　　　　　　　　　　　 26.1  5.3 -3.7  5.3  0.8 21  0.0                           
061932060616100272ヴァンケドミンゴ　　　　　　　　　　  6.4  2.0 10.1  6.0  5.2 25  0.0                           
061932060716105146ケンデューク　　　　　　　　　　　　 15.6  3.5-11.4 -2.2 -4.2 16  0.0                           
061932060816101017チバタリアン　　　　　　　　　　　　 24.5  5.0-11.4 -4.7 -5.1 15  0.0                           
061932060916106077サルウェーテ　　　　　　　　　　　　 45.6  8.7-11.4-13.2 -8.3 12  0.0                           
061932061016105768サトノフォース　　　　　　　　　　　  3.2  1.4 10.0 21.0 10.7 31 18.1B                          
061932061116104035ダディーズマインド　　　　　　　　　  6.9  2.1 11.1  8.0  6.3 26  7.2                           
061932070115106201ジョーダンヒロイン　　　　　　　　　 59.7  9.3-10.0-10.0 -6.7 13  0.0                           
061932070215103663フレンドアリス　　　　　　　　　　　 40.9  6.7 -4.6-20.0 -8.7 11  0.0                           
061932070315101855ゴムマリ　　　　　　　　　　　　　　 17.3  3.3-10.0  4.8 -1.2 19  0.0                           
061932070415101491アポロアミ　　　　　　　　　　　　　  2.6  1.3 17.1 20.4 12.6 33 18.1                           
061932070514101121フジマサクイーン　　　　　　　　　　 18.3  3.4 -8.7  8.6  0.5 21  0.0  5                        
061932070615102297サイドストリート　　　　　　　　　　  3.0  1.3 15.0 22.5 12.8 33 19.8                           
061932070713105959ストライクショット　　　　　　　　　  6.2  1.7 13.8 18.8 11.0 31  8.9                           
061932070815103670ラヴノット　　　　　　　　　　　　　 81.0 12.4-10.0 -1.2 -3.4 17  0.0  5                        
061932070914105149ラブユーミー　　　　　　　　　　　　 42.1  6.9  6.0-15.3 -3.8 16  0.0                           
061932071015103859ヴィクトアリー　　　　　　　　　　　 36.1  6.0-10.0 -7.6 -5.8 14  0.0                           
061932071114103459スリーミネルバ　　　　　　　　　　　 29.8  5.1-10.0 -7.9 -5.9 14  0.0                           
061932071215105434ロブラリア　　　　　　　　　　　　　 38.2  6.3-10.0-15.2 -8.6 11  0.0                           
061932071315102459グラスルーナ　　　　　　　　　　　　  8.7  2.1  9.2  7.5  5.5 26 13.5                           
061932071415100977フィールグッド　　　　　　　　　　　 57.4  9.0-10.4-12.6 -7.7 12  0.0                           
061932071515101083フロースヒルデ　　　　　　　　　　　 70.0 10.8 -6.2-20.0 -9.2 11  0.0                           
061932071614103600ジュブリーユ　　　　　　　　　　　　 22.5  4.0  6.0  4.3  3.4 23  0.0                           
061932080115106428アークカンパネラ　　　　　　　　　　  9.0  2.3 -6.0 12.2  2.7 23  0.0                           
061932080213103674スリーミュージアム　　　　　　　　　154.3 25.3-11.4-13.0 -8.2 12  0.0                           
061932080314106348マイネルレンカ　　　　　　　　　　　 17.5  3.6  1.3  1.4  0.9 21  0.0                           
061932080414101963ジャカンドジョー　　　　　　　　　　 12.0  2.7 10.1  5.4  5.0 25  0.0                           
061932080515102464レアバード　　　　　　　　　　　　　 12.3  2.7  8.3  9.3  5.9 26  7.7                           
061932080615103592グログラン　　　　　　　　　　　　　 24.6  4.7 10.0  2.0  3.7 24  0.0                           
061932080715106280リンガスビンゴ　　　　　　　　　　　 13.1  2.8 20.0 10.3  9.8 30  0.0                           
061932080815101319コールドターキー　　　　　　　　　　 28.6  5.4-10.0-12.2 -7.5 13  0.0                           
061932080915103277トップギア　　　　　　　　　　　　　 57.0  9.8-10.4-19.4-10.2 10  0.0  0                        
061932081015106260ロージズキング　　　　　　　　　　　  3.3  1.4 15.0 17.4 10.9 31 19.8                           
061932081115101130トーセンウィナー　　　　　　　　　　 53.2  9.4-11.4-15.2 -9.0 11  0.0                           
061932081215101381タイセイカレッジ　　　　　　　　　　 33.0  6.1 -9.2-10.0 -6.4 14  0.0                           
061932081314104991マイネルツァイト　　　　　　　　　　  7.8  2.1  3.6  5.8  3.2 23 15.1                           
061932081414103486タイキダイヤモンド　　　　　　　　　  2.8  1.4 12.0 31.7 15.2 35 18.1                           
061932081514104970ヴィーグリーズ　　　　　　　　　　　189.4 31.0-11.4-19.6-10.6  9  0.0                           
061932090112103796フォワードカフェ　　　　　　　　　　 12.6  2.9 -1.0  6.0  1.9 32  0.0                           
061932090212106250コスモアルヘナ　　　　　　　　　　　 27.6  5.4-11.4 -4.7 -5.1 25  0.0                           
061932090313105807エフティスパークル　　　　　　　　　  5.9  1.8  8.1 12.3  6.9 37  8.9                           
061932090413102295ロードプレミアム　　　　　　　　　　  6.0  1.9 13.8  8.0  7.1 37  6.8                           
061932090513105867ケルフロイデ　　　　　　　　　　　　  4.5  1.6 12.9 15.7  9.6 40  5.8                           
061932090614100208ウインイクシード　　　　　　　　　　  2.5  1.3 15.0 25.5 13.9 44 18.1                           
061932090714100726マイネルズイーガー　　　　　　　　　  6.4  1.9 13.4 15.5  9.7 40 24.7                           
061932090814106522セガールモチンモク　　　　　　　　　 55.9 10.1-10.0-11.7 -7.3 23  0.0                           
061932090913106214フィールドシャルム　　　　　　　　　 32.2  6.2-10.4-12.6 -7.7 22  0.0                           
061932091010101988スワンボート　　　　　　　　　　　　 73.1 13.0-10.0 -8.0 -5.9 24  0.0                           
061932091115104680キングスヴァリュー　　　　　　　　　 12.4  2.8  6.0  6.8  4.3 34  0.0                           
061932100111106405ギブアンドテイク　　　　　　　　　　 23.8  5.5-11.4  7.4 -0.7 34 13.0                           
061932100211102899オウケンブラック　　　　　　　　　　 35.4  7.9-14.3 -9.0 -7.6 27  0.0                           
061932100313106474ケンホファヴァルト　　　　　　　　　 22.0  5.1 -2.9 -8.6 -4.0 31  0.0  5                        
061932100415101707ルーカス　　　　　　　　　　　　　　  5.7  2.0 11.2 20.9 11.0 46 14.5                           
061932100514104386クレッシェンドラヴ　　　　　　　　　  4.4  1.7 15.0 12.0  8.9 44  8.9                           
061932100611103696ショウナンマルシェ　　　　　　　　　 20.1  4.8 -8.5  5.5 -0.5 34  0.0                           
061932100714105929サンティール　　　　　　　　　　　　  7.2  2.3  8.5 18.4  9.3 44  7.7                           
061932100815104830ジェシー　　　　　　　　　　　　　　  4.1  1.6 21.8 13.7 11.6 47 12.8                           
061932100914105926シンギュラリティ　　　　　　　　　　  4.2  1.7 15.5 15.2 10.2 45  5.8                           
061932101015105025レーツェル　　　　　　　　　　　　　  5.3  1.9 16.3 15.4 10.5 46  6.7                           
061932110115103217アルドーレ　　　　　　　　　　　　　 11.8  3.1  1.4 -2.3 -0.4 50 15.3                           
061932110212104504マイネルオフィール　　　　　　　　　 33.2  7.4-11.4-10.3 -7.2 43  0.0                           
061932110313104818ジョーダンキング　　　　　　　　　　 10.8  2.9 17.6 15.2 10.9 61 12.6                           
061932110415102374ロードゴラッソ　　　　　　　　　　　 10.8  2.9 14.7  9.1  7.7 58 17.2                           
061932110511104994アスカノロマン　　　　　　　　　　　 55.5 11.7 -1.2-14.8 -5.8 44  0.0                           
061932110615103221ヒラボクラターシュ　　　　　　　　　  4.6  1.8 13.3  4.1  5.5 55 19.6                           
061932110715105089ハーベストムーン　　　　　　　　　　 38.3  8.5-11.4-10.3 -7.2 43  0.0                           
061932110815100122テーオーエナジー　　　　　　　　　　  3.8  1.6 -0.4 23.6  8.5 59  8.1                           
061932110915106380エイシンセラード　　　　　　　　　　 38.4  8.5 -1.4 -2.8 -1.4 49  0.0                           
061932111013106094サトノティターン　　　　　　　　　　 22.5  5.2 -1.4  1.2  0.0 50  0.0                           
061932111111102464リーゼントロック　　　　　　　　　　 25.3  5.8 -3.4-11.9 -5.4 45  0.0                           
061932111213101999ロンドンタウン　　　　　　　　　　　 38.6  8.5-11.4-13.8 -8.5 42  0.0                           
061932111314101727ハイランドピーク　　　　　　　　　　  5.5  1.9 13.1 17.0 10.2 60 12.5                           
061932111413106079グレンツェント　　　　　　　　　　　 11.8  3.1 13.4  9.4  7.5 57  0.0                           
061932111509102606サンマルデューク　　　　　　　　　　107.1 21.9-11.4-10.0 -7.1 43  0.0                           
061932111612104019センチュリオン　　　　　　　　　　　 11.3  3.0  1.6  9.1  3.8 54  0.0                           
061932120114110083サリネロ　　　　　　　　　　　　　　 34.8  6.9-10.0-10.9 -7.0 23  0.0                           
061932120214102562アーバンイェーガー　　　　　　　　　  7.5  2.2  6.0 10.3  5.6 36  6.8                           
061932120315105507アストロローグ　　　　　　　　　　　 19.8  4.3 12.0  4.8  5.4 35  0.0                           
061932120415102046マイウェイアムール　　　　　　　　　  7.1  2.1-10.0  7.3 -0.3 30  0.0                           
061932120515102695アルマユディト　　　　　　　　　　　 33.8  6.7 -3.7 -9.0 -4.4 26  0.0                           
061932120613106303エタニティーワルツ　　　　　　　　　 50.2  9.7-10.0 -4.9 -4.8 25 10.6                           
061932120712105842アグネスエーデル　　　　　　　　　　 26.7  5.4 -2.1 -0.6 -0.9 29  0.0                           
061932120813106235スパイチャクラ　　　　　　　　　　　 39.8  7.8-12.5-10.1 -7.5 23  0.0                           
061932120915106179トッカータ　　　　　　　　　　　　　 51.8  9.9 -8.7  4.1 -1.1 29  0.0                           
061932121015110066ジャスパーウィン　　　　　　　　　　  7.6  2.2 18.8 17.9 12.2 42 14.5  2                        
061932121115103314フェリーチェ　　　　　　　　　　　　  8.0  2.3 20.0  4.9  7.8 38 10.9                           
061932121212102566カフェライジング　　　　　　　　　　 60.4 11.2-12.5-10.9 -7.7 22  0.0                           
061932121314102329クリノレオノール　　　　　　　　　　194.5 34.6-11.4-15.3 -9.0 21  0.0                           
061932121415105199ニシノオリーブ　　　　　　　　　　　 56.6 10.5-10.0 -7.7 -5.8 24  0.0                           
061932121514100370グッドヒューマー　　　　　　　　　　  4.8  1.7 14.7 21.6 12.3 42 19.8 11  151   45              
061932121613105382シアーライン　　　　　　　　　　　　  2.6  1.4 15.0 18.8 11.4 41  7.5                           
071926010116106438マリアルージュ　　　　　　　　　　　109.0 19.3-10.0-12.5 -7.4 -2  0.0                           
071926010216103535クリノクルミチャン　　　　　　　　　 49.6  9.4-12.0 -3.5 -5.4  0  0.0                           
071926010316101677ジャーネジャーネ　　　　　　　　　　 60.6 11.0-10.5-11.3 -7.2 -2  0.0                           
071926010416102123イルフェソレイユ　　　　　　　　　　 32.7  6.4-12.0 -2.6 -5.2  0  0.0                           
071926010516105598グリーンティー　　　　　　　　　　　117.9 20.9-11.0-12.5 -7.8 -3  0.0                           
071926010616100386アポロホープ　　　　　　　　　　　　 44.5  8.5-10.5  9.0 -1.1  4  0.0                           
071926010716101291エリーベル　　　　　　　　　　　　　 86.6 15.5-11.0-12.5 -7.8 -3  0.0                           
071926010816101792ペプチドフシチョウ　　　　　　　　　 15.7  3.5  6.3-15.0 -2.2  3 21.3                           
071926010916102181ノーチラス　　　　　　　　　　　　　  5.3  1.7 14.4  7.6  7.6 13  0.0  5                        
071926011016109004メイソフィア　　　　　　　　　　　　 40.1  7.7-10.0-20.0 -9.7 -5  0.0                           
071926011116101244ロズ　　　　　　　　　　　　　　　　 33.1  6.5-12.0-15.0 -8.9 -4  0.0                           
071926011216100798ペネトレーター　　　　　　　　　　　 10.8  2.6  8.3  9.0  5.7 11  0.0                           
071926011316106099キモンカラー　　　　　　　　　　　　  5.0  1.7 10.0 25.0 11.2 16 15.0                           
071926011416105433トゥインクルリーフ　　　　　　　　　  7.9  2.2  6.0  7.5  4.4  9 12.3                           
071926011516105998ワインレッドローズ　　　　　　　　　  2.5  1.3 24.0 40.0 20.8 26 13.8  1  148   62              
071926011616105015ヒダワールド　　　　　　　　　　　　  8.9  2.4  7.2 30.0 11.6 17  0.0                           
071926020116102500オプティマスレッド　　　　　　　　　 47.0  9.2-12.0-14.6 -8.8 -4  0.0                           
071926020216101467エレガントクラウン　　　　　　　　　 17.1  3.8-10.0-12.5 -7.4 -2  0.0                           
071926020316102965エスシーバスター　　　　　　　　　　  2.9  1.4 18.0 22.5 13.4 18 13.8                           
071926020416103647ジョガールボニート　　　　　　　　　  7.3  2.2  6.0 15.0  6.7 12 17.5                           
071926020516100690コスモルシオ　　　　　　　　　　　　 24.2  5.1  6.0 18.8  7.8 13  0.0                           
071926020616100549ケイアイブロンズ　　　　　　　　　　 17.0  3.8-10.0  7.5 -1.4  4  0.0                           
071926020716101324アイアンゾーン　　　　　　　　　　　100.5 18.4-10.0-12.5 -7.4 -2  0.0                           
071926020816103590デルマヴォージュ　　　　　　　　　　 62.9 11.8-10.0-12.5 -7.4 -2  0.0                           
071926020916105812トモジャバロンド　　　　　　　　　　 20.5  4.4 10.0  7.5  5.9 11  0.0                           
071926021016101263ラインリンクス　　　　　　　　　　　  4.8  1.6 20.0  7.5  9.6 15 11.4                           
071926021116103579ラー　　　　　　　　　　　　　　　　 11.1  2.7 11.0  9.0  6.7 12  0.0                           
071926021216106421ブレーンクロー　　　　　　　　　　　  4.3  1.6 14.3 33.9 15.4 20 15.0  1  219   50              
071926021316101687ブラックミーティア　　　　　　　　　 42.6  8.4-10.0-12.5 -7.4 -2  0.0                           
071926021416105735シゲルコハク　　　　　　　　　　　　 29.7  6.1-10.0-12.5 -7.4 -2  0.0                           
071926021516100649アラブルテーラー　　　　　　　　　　 83.8 15.5-10.5-15.0 -8.4 -3  0.0                           
071926021616100731マイネルフトゥーロ　　　　　　　　　 83.8 15.5-10.0-12.5 -7.4 -2  0.0                           
071926030116106360ヤマタケフリーダム　　　　　　　　　 37.4  7.8-10.0  7.5 -1.4  4  0.0                           
071926030216105921クラウソラス　　　　　　　　　　　　 40.2  8.3-10.0-12.5 -7.4 -2  0.0                           
071926030316102663ハギノアトラス　　　　　　　　　　　  3.3  1.5  7.2  6.9  4.7 10 13.8                           
071926030416105703タイセイグリード　　　　　　　　　　 59.6 11.7-10.0  7.5 -1.4  4  0.0                           
071926030516103067トゥプエデス　　　　　　　　　　　　  4.2  1.6 14.1 15.0  9.7 15 15.0                           
071926030616102620ディード　　　　　　　　　　　　　　 31.8  6.7     -15.0 -4.5  1  0.0                           
071926030716105995リリーブラックシー　　　　　　　　　 44.6  9.2-10.5-15.0 -8.4 -3  0.0                           
071926030816106283キモンボーイ　　　　　　　　　　　　  7.3  2.3       9.0  2.7  8  0.0                           
071926030916102871ラウズアップ　　　　　　　　　　　　118.5 22.7-10.0-12.5 -7.4 -2  0.0                           
071926031016101424トモジャチャーリー　　　　　　　　　  4.4  1.6 14.0 30.0 14.1 19 16.3                           
071926031116100999ユイノニュータイプ　　　　　　　　　 77.6 15.1-10.0-11.0 -7.0 -2  0.0                           
071926031216106429ボーダードライヴ　　　　　　　　　　 10.7  2.7  7.2 13.2  6.6 12  0.0  5                        
071926031316102852ピエナクロフネ　　　　　　　　　　　  8.9  2.6-12.0 18.0  1.0  6  0.0                           
071926031416103553テイエムアラタカ　　　　　　　　　　 79.2 15.4-10.0-12.5 -7.4 -2  0.0                           
071926031516103383メイショウヒノクニ　　　　　　　　　 67.9 13.3-10.5-15.0 -8.4 -3  0.0                           
071926031616105320カフジロッソ　　　　　　　　　　　　 12.4  3.1 18.0 16.9 11.7 17 14.9  4                        
071926040116101404マイネルモーディグ　　　　　　　　　 40.6  6.5  6.0  7.5  4.4  9  0.0                           
071926040216104209イントゥアドリーム　　　　　　　　　 50.1  7.9-10.0-12.5 -7.4 -2  0.0                           
071926040316101132ハロールーラー　　　　　　　　　　　 27.1  4.6-10.0-12.5 -7.4 -2  0.0                           
071926040416105534オメガダヴィンチ　　　　　　　　　　  7.0  1.8  6.3  9.0  5.0 10 12.3                           
071926040516101795ペプチドアスカ　　　　　　　　　　　 33.3  5.5-12.0-15.0 -8.9 -4  0.0                           
071926040616105285セントレオナード　　　　　　　　　　  2.2  1.2 20.0 30.0 16.3 21 13.8  2                        
071926040716100485キーシグナル　　　　　　　　　　　　 44.3  7.1-10.5-15.0 -8.4 -3  0.0                           
071926040816105526メロディーレーン　　　　　　　　　　 63.6  9.6-12.0-20.0-10.4 -5  0.0  0                        
071926040916106458ドラゴンエナジー　　　　　　　　　　103.0 15.2-10.0-12.5 -7.4 -2  0.0                           
071926041016102442ホッコーメヴィウス　　　　　　　　　 15.2  2.9 10.5 15.0  8.4 13  0.0                           
071926041116101207アドマイヤポラリス　　　　　　　　　  3.5  1.3 16.5 30.0 15.1 20 15.0                           
071926041216100701オーレア　　　　　　　　　　　　　　 86.9 12.9-10.0-12.5 -7.4 -2  0.0                           
071926041316100070マイネルセリオン　　　　　　　　　　 47.1  7.5-10.0-12.5 -7.4 -2  0.0                           
071926041416103724シュジンコウ　　　　　　　　　　　　 58.3  8.9-12.0 -3.5 -5.4  0  0.0                           
071926041516102018ブルベアマローネ　　　　　　　　　　 50.1  7.9-11.0-15.0 -8.5 -4  0.0                           
071926041616106455ニューアビリティ　　　　　　　　　　  5.5  1.6 12.0 -9.0  1.7  7 16.3                           
071926050113103941グリニッチヴィレジ　　　　　　　　　 41.2  8.6-10.0  7.5 -1.4 19  0.0                           
071926050214102120トーホウシーマ　　　　　　　　　　　 22.2  4.9-10.5  9.0 -1.1 19  0.0                           
071926050315106149マインクイーン　　　　　　　　　　　111.0 21.4-10.0-12.5 -7.4 13  0.0                           
071926050414103390ゲイルバローズ　　　　　　　　　　　 12.4  3.1-10.5-15.0 -8.4 12  0.0                           
071926050514102218サウンドストリート　　　　　　　　　 60.9 12.1-10.0  7.5 -1.4 19  0.0                           
071926050615105970アンリミット　　　　　　　　　　　　  4.8  1.8 14.3 22.5 12.0 32  0.0                           
071926050715101054バルトフォンテン　　　　　　　　　　 41.5  8.6 10.0-12.5 -0.1 20  0.0                           
071926050815105035サクステッド　　　　　　　　　　　　  7.6  2.3  6.0 25.0  9.7 30 17.5                           
071926050915104282モンアムール　　　　　　　　　　　　 31.8  6.8-10.0-12.5 -7.4 13  0.0                           
071926051015105145デンセツノマジョ　　　　　　　　　　  6.4  2.1  6.0 12.5  5.9 26 11.4                           
071926051115100441ビーユアヒーロー　　　　　　　　　　 31.8  6.8-10.5 -6.8 -5.9 14  0.0                           
071926051215103456タイドオーバー　　　　　　　　　　　 25.0  5.5-10.0-20.0 -9.7 10  0.0                           
071926051315100405ギンコイエレジー　　　　　　　　　　 11.2  2.8 24.0-15.2  4.2 24  0.0                           
071926051415100608アングルティール　　　　　　　　　　  3.1  1.5 18.0 30.0 15.6 36 13.8                           
071926051515104977グラマラスライフ　　　　　　　　　　  8.2  2.4  6.0  7.5  4.4 24 18.8                           
071926051615103361ベルペスカ　　　　　　　　　　　　　184.8 35.3-10.0-12.5 -7.4 13  0.0                           
071926051715102439ココリモアナ　　　　　　　　　　　　 82.3 16.1-10.0  7.5 -1.4 19  0.0                           
071926060115102764ヴィーヴァバッカス　　　　　　　　　 17.0  3.3-12.0-15.0 -8.9 11  0.0                           
071926060213104170ヨクエロマンボ　　　　　　　　　　　  5.5  1.6 12.0 25.0 11.9 32  0.0                           
071926060314103402ライデンバローズ　　　　　　　　　　  2.3  1.2 18.3 22.4 13.4 33 13.8                           
071926060411103430オンワードハンター　　　　　　　　　 13.0  2.7-12.0-15.0 -8.9 11 13.1                           
071926060513102530フッカツノノロシ　　　　　　　　　　 49.6  8.2-11.0  7.5 -1.8 18  0.0                           
071926060614105545ディスカバー　　　　　　　　　　　　 16.0  3.2  6.0  7.5  4.4 24 22.5                           
071926060715101785ニシノベイオウルフ　　　　　　　　　 44.7  7.5-10.0-12.5 -7.4 13  0.0                           
071926060814103501キクノフェリックス　　　　　　　　　  3.7  1.4 16.0  9.7  8.8 29 15.0                           
071926060914104238リセンティート　　　　　　　　　　　 11.7  2.5 10.0  7.5  5.9 26  0.0                           
071926061015100019ワイズワン　　　　　　　　　　　　　 15.3  3.0-10.5  9.0 -1.1 19  0.0                           
071926061115100630サイン　　　　　　　　　　　　　　　 15.5  3.1 12.0-20.0 -1.6 18  0.0  0                        
071926070115104163アドラータ　　　　　　　　　　　　　 31.2  6.3-12.0-15.0 -8.9 11  0.0                           
071926070214102558ネオヴィットーリア　　　　　　　　　 49.6  9.7-10.0  7.5 -1.4 19  0.0                           
071926070315104626パリスハート　　　　　　　　　　　　 29.4  6.0-10.0-12.5 -7.4 13  0.0                           
071926070413104960アオイプリンセス　　　　　　　　　　  3.0  1.4 18.0 19.4 12.4 32 13.8  2                        
071926070515100236ウインプライマリー　　　　　　　　　 88.4 16.3-12.0-15.0 -8.9 11  0.0                           
071926070614105436エレクトロニカ　　　　　　　　　　　  4.1  1.6  7.2 11.0  5.9 26 15.0                           
071926070714105697エスコフィオン　　　　　　　　　　　 61.9 11.6-10.0-12.5 -7.4 13  0.0                           
071926070814106047ピスカデーラ　　　　　　　　　　　　 33.7  6.8  7.2-15.0 -1.9 18  0.0                           
071926070915103021ワタシヲマッテル　　　　　　　　　　 23.0  4.9-10.0 15.0  0.8 21  0.0                           
071926071014105794アドマイヤローザ　　　　　　　　　　 12.1  2.9-12.0 -2.7 -5.2 15 13.1                           
071926071115104257エリンズロマーネ　　　　　　　　　　  5.5  1.8 14.4 18.9 10.9 31 16.3                           
071926071215104711エフティアテナ　　　　　　　　　　　  8.3  2.4  6.0 25.0  9.7 30  0.0                           
071926071314105605プロキシマ　　　　　　　　　　　　　 77.2 14.3-10.5-15.0 -8.4 12  0.0                           
071926071414101620ショウナンサザナミ　　　　　　　　　 44.5  8.8-10.0-12.5 -7.4 13  0.0                           
071926071515102431ファストライフ　　　　　　　　　　　 12.1  2.9  6.0  7.5  4.4 24  0.0                           
071926071615101465ミスマンマミーア　　　　　　　　　　 12.4  3.0 -2.5  9.0  1.8 22  0.0                           
071926080115100311グランデミノル　　　　　　　　　　　  7.4  2.4 16.5  9.1  8.8 29 11.4  5                        
071926080213102729サマニー　　　　　　　　　　　　　　  8.2  2.6 10.0 18.8  9.3 29 20.0                           
071926080315105738スマートアイビス　　　　　　　　　　 32.8  7.4  7.2-20.0 -3.4 17  0.0  0                        
071926080414101937サトノレーヌ　　　　　　　　　　　　 70.6 14.9-12.0-15.0 -8.9 11  0.0                           
071926080514103031メイショウアワジ　　　　　　　　　　 18.1  4.5-12.0  0.9 -4.1 16  0.0  0                        
071926080615102810メイショウバイタル　　　　　　　　　  5.6  2.0-12.0  8.8 -1.8 18 15.0                           
071926080714105805バルコラベーロ　　　　　　　　　　　  7.5  2.4-12.0  4.8 -3.0 17  0.0                           
071926080812102503サンタナブルー　　　　　　　　　　　 18.2  4.5-10.0-12.5 -7.4 13  0.0                           
071926080915103431キョウエイオビエド　　　　　　　　　 34.5  7.8-10.0-20.0 -9.7 10  0.0                           
071926081012100999セイウンアワード　　　　　　　　　　 81.7 17.1-10.0-12.5 -7.4 13  0.0                           
071926081115100349ケイアイテディ　　　　　　　　　　　 21.7  5.1-10.0-12.5 -7.4 13  0.0                           
071926081215105858ココロノイコロ　　　　　　　　　　　 23.2  5.4-10.0-12.5 -7.4 13  0.0                           
071926081314102204スリーランディア　　　　　　　　　　  3.5  1.6 24.0 -9.0  6.1 26 13.8                           
071926081415105396ロンス　　　　　　　　　　　　　　　 29.5  6.7-12.0-14.6 -8.8 11  0.0                           
071926081514110076メダーリアフレイム　　　　　　　　　 17.3  4.3-10.0-12.5 -7.4 13  0.0                           
071926081615104916ミッキーハイド　　　　　　　　　　　  8.1  2.6  6.0  7.5  4.4 24  0.0                           
071926090116100901テイエムバリバリ　　　　　　　　　　 37.2  7.0-10.0-12.5 -7.4 13  0.0                           
071926090216104462クールウォーター　　　　　　　　　　  7.2  2.0 12.0 24.0 11.6 32 17.5  3                        
071926090316101075アイスブラスト　　　　　　　　　　　 13.4  3.0-10.0-12.5 -7.4 13  0.0                           
071926090416102133パトリック　　　　　　　　　　　　　 13.1  2.9  6.3 12.0  5.9 26  0.0                           
071926090516100594ユーフォニー　　　　　　　　　　　　 19.1  4.0-12.0-15.0 -8.9 11  0.0                           
071926090616104695リオンリオン　　　　　　　　　　　　  8.4  2.3-10.5 11.9 -0.3 20  0.0  3                        
071926090716102198ダノンバリアント　　　　　　　　　　 12.1  2.7  7.2  5.3  4.2 24 14.0                           
071926090816100550ヒルノダカール　　　　　　　　　　　  6.2  1.9 12.0 22.5 11.1 31  0.0                           
071926090916104413サトノソロモン　　　　　　　　　　　  2.6  1.3 24.0  9.0 11.5 32 13.8                           
071926091016105367ルヴォルグ　　　　　　　　　　　　　  4.1  1.5 10.0 26.2 11.5 32 15.0  2                        
071926100112102773ヤマカツボーイ　　　　　　　　　　　 47.7  8.0-10.5 -6.8 -5.9 24  0.0                           
071926100214110111ズアー　　　　　　　　　　　　　　　  2.9  1.3  7.2 30.0 11.6 42 13.8                           
071926100313103801ニシノラディアント　　　　　　　　　 20.5  3.9-12.0-15.0 -8.9 21  0.0                           
071926100415104414ダンシングチコ　　　　　　　　　　　 24.6  4.5-10.0-12.5 -7.4 23  0.0                           
071926100515101210アルジャーノン　　　　　　　　　　　 28.3  5.0-12.0-12.7 -8.2 22  0.0                           
071926100615104842スターリーステージ　　　　　　　　　  2.9  1.3 24.0 19.2 14.6 45 15.0  1  207   62              
071926100714102019コロラトゥーレ　　　　　　　　　　　 13.4  2.8 18.0  6.8  8.6 39  0.0                           
071926100812105495メイショウカロッタ　　　　　　　　　 56.6  9.2-12.0-15.2 -9.0 21  0.0                           
071926100913103410オフクヒメ　　　　　　　　　　　　　 17.9  3.5-11.0  9.0 -1.3 29  0.0                           
071926101015101633ムーンチャイム　　　　　　　　　　　  5.4  1.6 16.0 18.0 11.3 41 11.4                           
071926101113101446ウインハートビート　　　　　　　　　 73.0 11.6-12.0 -5.0 -5.9 24  0.0                           
071926101214101285トウカイレーヌ　　　　　　　　　　　  6.9  1.9 13.2 14.1  9.1 39 17.5                           
071926101313105140ピナクルズ　　　　　　　　　　　　　 45.5  7.7  6.0-12.5 -1.5 28  0.0                           
071926110108104268スノードラゴン　　　　　　　　　　　 36.2  7.0-10.0-15.9 -8.4 52  0.0                           
071926110211102579ラインスピリット　　　　　　　　　　143.1 25.2-11.4-10.2 -7.2 53  0.0                           
071926110315110096ミスターメロディ　　　　　　　　　　 12.6  2.9 -1.5  8.9  2.1 62  0.0                           
071926110413104230セイウンコウセイ　　　　　　　　　　 49.9  9.4 -9.2 -9.5 -6.2 54  0.0                           
071926110510100690ティーハーフ　　　　　　　　　　　　 67.1 12.1 -1.2 -7.5 -2.7 57  0.0                           
071926110612102017アレスバローズ　　　　　　　　　　　 12.9  3.0-11.4 12.8 -0.3 60  8.8                           
071926110713101006ショウナンアンセム　　　　　　　　　 71.1 12.8 -6.2 -8.9 -4.9 55  0.0                           
071926110812102095レッツゴードンキ　　　　　　　　　　  9.0  2.5 15.5 29.7 14.6 75 22.9                           
071926110913105736ナックビーナス　　　　　　　　　　　 12.0  2.8  4.3 18.7  7.2 67 15.4                           
071926111015100978ラブカンプー　　　　　　　　　　　　 70.8 12.8-11.4-15.2 -8.7 51  0.0                           
071926111111104627ヒルノデイバロー　　　　　　　　　　 44.9  8.6-11.4-12.6 -8.0 52  0.0                           
071926111213105995ロジクライ　　　　　　　　　　　　　  6.9  2.1 11.4  6.4  6.1 66  0.0                           
071926111315102377ダノンスマッシュ　　　　　　　　　　  2.7  1.4 17.6 16.4 11.4 71  8.1                           
071926111413104606ペイシャフェリシタ　　　　　　　　　 91.7 16.4-10.0-15.9 -8.4 52  0.0                           
071926111515110017モズスーパーフレア　　　　　　　　　  4.3  1.6 20.2 16.4 12.3 72  8.8                           
071926111614105996デアレガーロ　　　　　　　　　　　　 21.8  4.5 -5.8 -9.8 -5.1 55 13.7                           
071926111714102625ダイメイフジ　　　　　　　　　　　　 62.7 11.4-11.4  9.1 -1.5 59 20.7                           
071926111813101042ダイメイプリンセス　　　　　　　　　 19.1  4.1-11.4-15.2 -8.7 51 11.3                           
071926120115103530ハーグリーブス　　　　　　　　　　　  8.5  2.4  6.0-11.0 -1.1 29  0.0                           
071926120215101518カレンガリアード　　　　　　　　　　 17.5  3.9-12.0-15.0 -8.9 21 21.3                           
071926120315105082ムスコローソ　　　　　　　　　　　　 13.8  3.2-10.0 25.0  3.8 34  0.0                           
071926120415100272セイウンクールガイ　　　　　　　　　 22.2  4.7-10.0 -9.0 -6.4 24  0.0                           
071926120513103403マイネルラック　　　　　　　　　　　 31.6  6.5-12.0 -0.6 -4.6 25  0.0                           
071926120615101626ディサーニング　　　　　　　　　　　 11.6  2.8 20.0  7.5  9.6 40  0.0                           
071926120712100406シゲルゴホウサイ　　　　　　　　　　 58.3 11.1-12.0-20.0-10.4 20  0.0  0                        
071926120815105066レピアーウィット　　　　　　　　　　  5.8  1.9 12.0 30.0 13.4 43 11.4  2                        
071926120915105114ミッキーワイルド　　　　　　　　　　  2.8  1.4 18.0 21.2 13.0 43 13.8                           
071926121015100799カタナ　　　　　　　　　　　　　　　  4.7  1.7 15.0 23.5 12.6 43 15.0  4                        
071926121115102660モンファロン　　　　　　　　　　　　 85.9 16.0-10.5-15.0 -8.4 22  0.0                           
071926121215104872メリッサーニ　　　　　　　　　　　　 26.3  5.5-12.0 -9.4 -7.2 23  0.0                           
071926121314104021ワンダープラヤアン　　　　　　　　　 32.6  6.6-12.0-20.0-10.4 20  0.0  0                        
071926121412101351リリーウイナー　　　　　　　　　　　 47.2  9.3-10.5-15.0 -8.4 22  0.0                           
071926121513102881リヴァイバル　　　　　　　　　　　　 29.2  6.0-10.5 12.0 -0.3 30  0.0                           
071926121614102753サンシャーロット　　　　　　　　　　 26.3  5.5-12.0  3.0 -3.5 26  0.0                           
091922010116101444フェアザスピリッツ　　　　　　　　　 32.7  6.5  8.2 -1.4  2.6  8  0.0                           
091922010216104083ハクユウセンター　　　　　　　　　　 71.7 13.2-10.9-10.2 -7.1 -2  0.0                           
091922010316102173サウンドサムデイ　　　　　　　　　　 68.4 12.6-10.9-10.4 -7.1 -2  0.0                           
091922010416105273アイカリトマナカ　　　　　　　　　　 43.7  8.5-10.9-10.2 -7.1 -2 19.8                           
091922010516105778ニホンピロエレノア　　　　　　　　　 30.7  6.2-10.8-20.0-10.0 -5  0.0                           
091922010616103930タイセイカリーノ　　　　　　　　　　  7.0  2.1 10.4 10.5  7.0 12  7.2                           
091922010716102896ホッコーフラッパー　　　　　　　　　 33.5  6.7 -5.6-11.9 -5.6 -1  0.0  0                        
091922010816104687レッドモアナ　　　　　　　　　　　　 13.7  3.2  8.7 15.5  7.8 13  0.0  3                        
091922010916101698エイシンオリヒメ　　　　　　　　　　 15.3  3.5 -5.6 -3.5 -3.1  2  0.0                           
091922011016104502ボンセグレート　　　　　　　　　　　 31.4  6.3 -4.2  9.1  1.2  6  0.0  5                        
091922011116103343ハッピーゴラッキー　　　　　　　　　  3.9  1.5 18.0 13.1 10.5 16 21.3                           
091922011216109097テイエムウンマカ　　　　　　　　　　 43.6  8.5-10.9 -0.1 -4.0  1  0.0                           
091922011316102152メイショウヤワラギ　　　　　　　　　  3.4  1.4 12.5 20.7 10.8 16 15.0                           
091922011416103717ブラッディムーン　　　　　　　　　　  3.5  1.4 18.4 10.5  9.9 15 19.6                           
091922011516106418ドナブレス　　　　　　　　　　　　　 64.4 11.9-11.4 -8.2 -6.6 -2  0.0                           
091922011616105349アカネジョウ　　　　　　　　　　　　 68.9 12.7-10.9-10.9 -7.3 -2  0.0                           
091922020116104085セブンズゴールド　　　　　　　　　　 45.9  7.7-11.4-15.2 -8.7 -4  0.0  0                        
091922020216101705ゴールデンヘイロー　　　　　　　　　 11.0  2.4  8.5 13.3  7.1 12 11.0                           
091922020316106354ハクサンカイザー　　　　　　　　　　  9.2  2.3 -5.6  5.7 -0.3  5  7.2                           
091922020416101591メイショウハヤナリ　　　　　　　　　 17.5  3.4  8.2 11.8  6.5 12 15.3                           
091922020516105453アナザードリーム　　　　　　　　　　  8.7  2.2 14.5 17.6 10.6 16 11.7                           
091922020616105967ハイロードシチー　　　　　　　　　　  4.7  1.6 17.4 16.3 11.3 16 16.4                           
091922020716100782ビービーダン　　　　　　　　　　　　 60.2  9.6-11.4-10.0 -7.2 -2  0.0                           
091922020816103516サンライマ　　　　　　　　　　　　　 29.2  5.1-11.4-13.7 -8.3 -3  0.0                           
091922020916105201ピエナヒーロー　　　　　　　　　　　  2.0  1.2 18.0 18.7 12.2 17 18.0                           
091922021016106116テイエムカイリキ　　　　　　　　　　 60.0  9.6-10.9-12.6 -7.8 -3  0.0                           
091922021116105195タキシードジャンク　　　　　　　　　 27.3  4.8 -5.6 -3.5 -3.1  2  0.0                           
091922021216102419メイショウクラマ　　　　　　　　　　 29.7  5.2 -4.2 -1.6 -2.0  3  0.0                           
091922021316102408パリッシュブルー　　　　　　　　　　 16.7  3.3  7.9  5.4  4.5 10  0.0                           
091922021416101214ケアラケクアベイ　　　　　　　　　　 33.6  5.8-10.9-20.0-10.0 -5  0.0                           
091922021516104253ウィッチクラフト　　　　　　　　　　131.6 20.2-11.4-14.2 -8.4 -3  0.0                           
091922021616100197マッシブアプローズ　　　　　　　　　 74.2 11.7-10.9 -0.4 -4.1  1  0.0                           
091922030116104705スターリーパレード　　　　　　　　　 41.2  7.7 -8.7  9.4 -0.4  5  0.0                           
091922030216102066フェイトフル　　　　　　　　　　　　 59.0 10.5-11.4 -6.9 -6.3 -1  0.0                           
091922030316100368オンワードセルフ　　　　　　　　　　  8.0  2.2  4.6 30.3 10.8 16 22.9  1  175   42              
091922030416106054ローゼンリッター　　　　　　　　　　 11.4  2.6 15.1  0.8  5.8 11 13.5                           
091922030516105311サンライズアカシア　　　　　　　　　  2.4  1.3 20.2 23.4 14.4 19 15.6                           
091922030616102819スズカジョーダン　　　　　　　　　　 40.4  7.6-10.9-11.5 -7.4 -2  0.0                           
091922030716106450タイサイ　　　　　　　　　　　　　　  5.0  1.6 10.5 11.4  7.3 12  9.6                           
091922030816100509タガノアヴァンス　　　　　　　　　　 21.5  4.3 -3.1  1.4 -0.7  4  0.0                           
091922030916102571フェブタイズ　　　　　　　　　　　　 17.4  3.7 -0.2  0.0 -0.1  5 10.1                           
091922031016102569タケルライジング　　　　　　　　　　 44.7  8.3 -5.6 -9.5 -4.9  0  0.0                           
091922031116101015メイブツシャチョウ　　　　　　　　　 20.9  4.3  1.6  8.1  3.0  8  0.0                           
091922031216102767プレイリードリーム　　　　　　　　　 93.7 16.3-10.9-10.4 -7.1 -2  0.0                           
091922031316105001スーペルゴラッソ　　　　　　　　　　 49.9  9.2-11.4-10.0 -7.2 -2  0.0                           
091922031416106162ナムラオニヘイ　　　　　　　　　　　 23.9  4.7 -5.6  8.5  0.5  5  0.0                           
091922031516102035メイショウテンダン　　　　　　　　　  4.9  1.6  6.4 22.9  9.2 14  8.8                           
091922040113102687トゥルーハート　　　　　　　　　　　  6.3  2.1 -1.0 17.8  5.0  5  0.0  3                        
091922040214102865アオテンジョウ　　　　　　　　　　　 49.5 10.7 -9.7-10.5 -6.7 -7  0.0                           
091922040312102649キタサンサジン　　　　　　　　　　　 10.7  2.9 -1.8 -4.2 -1.9 -2 11.8                           
091922040413100386ラプルーズ　　　　　　　　　　　　　 16.2  4.0 -2.5 16.2  3.9  4  0.0  5                        
091922040514103092ディライトラッシュ　　　　　　　　　 39.0  8.6 -9.7-10.5 -6.7 -7  0.0                           
091922040613103496シゲルシマダイ　　　　　　　　　　　 29.9  6.7  5.8  4.0  3.3  3  0.0                           
091922040715103076トキノオー　　　　　　　　　　　　　  4.1  1.6 13.8 11.2  8.4  8 18.0                           
091922040814102388インウィスパーズ　　　　　　　　　　  4.2  1.6 13.1 11.8  8.3  8 16.4                           
091922040915105665スマートギャツビー　　　　　　　　　  4.3  1.7 15.4 13.7  9.8 10 18.4                           
091922041015103490シゲルレンコン　　　　　　　　　　　 45.0  9.8 -9.7-10.5 -6.7 -7  0.0                           
091922041115105830ブレイクスピアー　　　　　　　　　　 11.5  3.0  3.9  0.6  1.6  2  0.0                           
091922041209101274キングブレイク　　　　　　　　　　　 49.5 10.7 -9.7-10.5 -6.7 -7  0.0                           
091922041315101779ニシノオクタゴン　　　　　　　　　　  8.2  2.5 11.6 11.2  7.6  8 13.5                           
091922050116104326エイカイボルト　　　　　　　　　　　  5.7  2.0 15.2 13.4  9.6 15 18.4                           
091922050216102551ルッチョーラ　　　　　　　　　　　　  4.5  1.8 15.8 12.7  9.6 15 19.6                           
091922050316102572クリノショウグン　　　　　　　　　　 78.0 16.7-11.4-10.2 -7.2 -2  0.0                           
091922050416101672エイシンフォーラン　　　　　　　　　 12.4  3.3 -6.4 -3.6 -3.4  2  0.0                           
091922050516105161アシタノカゼ　　　　　　　　　　　　 42.1  9.6-11.4 -0.8 -4.4  1  0.0                           
091922050616103767サンライズアキレス　　　　　　　　　  7.6  2.5 11.6 11.5  7.7 13  0.0                           
091922050716101543ウラカワノオト　　　　　　　　　　　 15.3  3.9  3.5 -3.0  0.4  5 15.3                           
091922050816104498チャリスオブオナー　　　　　　　　　 47.7 10.7-10.8-15.5 -8.6 -4  0.0                           
091922050916106039トーヨーダッシュ　　　　　　　　　　 59.7 12.9-11.4-12.4 -7.9 -3  0.0                           
091922051016100859セクシーサンキュー　　　　　　　　　 39.6  9.0 -5.6  0.3 -2.0  3 16.9                           
091922051116102929ショウナンバルディ　　　　　　　　　 36.1  8.3-10.9 -8.7 -6.6 -2  0.0                           
091922051216100107ミヤビパーフェクト　　　　　　　　　  6.5  2.2 11.5  7.1  6.3 11  8.8                           
091922051316101122ハプナビーチ　　　　　　　　　　　　 31.0  7.2-11.4-20.0-10.2 -5  0.0                           
091922051416103926テイケイリヴェール　　　　　　　　　 41.1  9.4-10.9-17.7 -9.3 -4  0.0  0                        
091922051516103937スリーカナロアー　　　　　　　　　　  4.4  1.8 20.2 24.8 14.8 20  8.1                           
091922051616105168モズアンジェラ　　　　　　　　　　　 37.7  8.6-10.9-15.7 -8.7 -4  0.0                           
091922051716101794クライストチャーチ　　　　　　　　　 17.0  4.3 -1.8 -2.8 -1.5  3  0.0                           
091922051816103154スズカデュー　　　　　　　　　　　　 35.3  8.1-10.9-13.7 -8.1 -3  0.0                           
091922060116102720ブラックハーデス　　　　　　　　　　  8.0  1.9  7.1 10.3  5.7 11 12.6                           
091922060216101760アスターブリザード　　　　　　　　　 12.5  2.4  9.6  6.9  5.6 11  0.0                           
091922060316104291ディバインフォース　　　　　　　　　  2.3  1.2 21.0 18.4 13.2 18 18.0                           
091922060416104153トーアコルレオーネ　　　　　　　　　 32.1  5.0 -5.6-15.1 -6.6 -2  0.0  0                        
091922060516105029ジェレメジェバイト　　　　　　　　　 14.0  2.6 -5.9-15.2 -6.7 -2 26.2  0                        
091922060616101176アルデエンブレム　　　　　　　　　　 34.0  5.3-11.4-12.3 -7.9 -3  0.0                           
091922060716105048シーリアスラブ　　　　　　　　　　　  6.7  1.7 12.4 13.2  8.5 14  6.7                           
091922060816104519レッドエンヴィー　　　　　　　　　　  3.0  1.3 16.4 18.9 11.7 17 16.4                           
091922060916103072ショウナンアーサー　　　　　　　　　 17.5  3.1 -2.4-11.0 -4.2  1  0.0                           
091922061016106257ヤマカツマッハ　　　　　　　　　　　 29.2  4.6 -4.1 -7.6 -3.8  1  0.0                           
091922070116100418シンゼンブースター　　　　　　　　　  6.7  2.0 12.6  2.2  5.3 25  0.0  4                        
091922070216104121ワイルドトレイダー　　　　　　　　　 35.7  7.1 -9.7-10.5 -6.7 13  0.0                           
091922070316102096ボランテレオ　　　　　　　　　　　　 39.5  7.8 -5.6-15.2 -6.6 13  0.0                           
091922070416105316サンライズハイアー　　　　　　　　　  4.9  1.7 13.1  8.2  7.3 27  8.8                           
091922070516100158ダイシンクローバー　　　　　　　　　  2.6  1.3 19.2 16.1 11.9 32 18.0                           
091922070616100040カネコメアサヒ　　　　　　　　　　　 12.6  3.0  1.8 -5.8 -1.1 19 19.5                           
091922070716101368ウォークザライン　　　　　　　　　　  5.9  1.9  7.5 12.2  6.4 26 21.3                           
091922070816101026グランプリワン　　　　　　　　　　　 24.8  5.1-10.9  5.4 -2.4 18  0.0                           
091922070916101847モーニングサン　　　　　　　　　　　 20.8  4.5  2.4  6.9  3.0 23  0.0                           
091922071016102749ガンケン　　　　　　　　　　　　　　 12.1  2.9 -5.6  9.6  0.8 21 14.4                           
091922071116102924ペプチドオリバー　　　　　　　　　　 18.3  4.0-10.9 -7.0 -6.1 14  0.0                           
091922071216109074メラン　　　　　　　　　　　　　　　 11.6  2.8 -5.4  5.6 -0.3 20  0.0                           
091922080115100833ランドヘルメース　　　　　　　　　　 26.9  4.4-11.0-10.4 -7.2 13  0.0                           
091922080214110026タピゾー　　　　　　　　　　　　　　  6.6  1.7 15.1 16.2 10.4 30  6.7                           
091922080315100217ウインネプチューン　　　　　　　　　 16.8  3.0  1.4 10.9  3.8 24 10.1                           
091922080415110002ディライトプロミス　　　　　　　　　  8.0  1.9  1.1  7.6  2.7 23 22.9                           
091922080514109008ブルベアラクーン　　　　　　　　　　  2.9  1.3 17.5 17.2 11.6 32 19.6                           
091922080614100586ブリッツシュラーク　　　　　　　　　 16.3  2.9-10.9 -3.8 -5.1 15  0.0  0                        
091922080715103391ミッキーマラン　　　　　　　　　　　 34.2  5.4-11.4-10.2 -7.2 13  0.0                           
091922080815103393コラード　　　　　　　　　　　　　　 18.8  3.3  2.9 -0.4  0.9 21  0.0                           
091922080915101529パワーアッシュ　　　　　　　　　　　 24.0  4.0-10.9-17.7 -9.3 11  0.0  0                        
091922081014109085カヴァレリア　　　　　　　　　　　　 37.6  5.8 -9.7 -4.9 -5.0 15  0.0                           
091922081112103076シップーコウライ　　　　　　　　　　  2.3  1.2 18.0 18.6 12.2 32 18.0                           
091922090115106181ハイドラン　　　　　　　　　　　　　 24.2  4.5-11.4 -9.4 -7.0 23  0.0                           
091922090215105098レーヴドリーブ　　　　　　　　　　　  4.8  1.5 13.2  6.4  6.8 37 19.1                           
091922090315104925ダンサール　　　　　　　　　　　　　  2.7  1.3 19.5 18.1 12.6 43 18.0                           
091922090414100597スパイクナード　　　　　　　　　　　 24.4  4.6-10.9 -8.1 -6.4 24  0.0                           
091922090513103727ウインクルサルーテ　　　　　　　　　 15.8  3.2  2.7 -6.0 -0.8 29 14.4                           
091922090615106173レオコックブルー　　　　　　　　　　  4.4  1.5 15.8  9.1  8.5 39  6.7  5                        
091922090714102146リリックドラマ　　　　　　　　　　　  8.1  2.1  8.2  6.5  5.0 35  0.0                           
091922090815106056ウスベニノキミ　　　　　　　　　　　  3.4  1.3 14.7 21.4 11.8 42 19.6                           
091922100114106006ミラアイトーン　　　　　　　　　　　  2.4  1.3 20.9 27.8 16.0 51 18.0  1  151   54              
091922100213100756キアロスクーロ　　　　　　　　　　　 16.2  3.4  0.4 -2.6 -0.6 34 15.3                           
091922100312102404エリーティアラ　　　　　　　　　　　 45.1  8.3 -9.7-10.5 -6.7 28  0.0                           
091922100413105855ラベンダーヴァレイ　　　　　　　　　 26.0  5.1-10.9 -8.7 -6.6 28  0.0                           
091922100514102972メイショウカリン　　　　　　　　　　  4.7  1.6 14.7  7.1  7.5 43 17.0                           
091922100613104774パーリオミノル　　　　　　　　　　　 32.3  6.1 -5.6-10.5 -5.2 30  0.0                           
091922100713106131アッラサルーテ　　　　　　　　　　　  6.9  2.0  9.7 11.0  6.9 42  0.0                           
091922100813103614チェイスダウン　　　　　　　　　　　 65.1 11.4-10.9-10.2 -7.1 28  0.0                           
091922100915105565ミトノレインボー　　　　　　　　　　 13.4  3.0  6.5 10.6  5.6 41  0.0  5                        
091922101012100936ブラッククローバー　　　　　　　　　 18.7  3.9 -4.2 11.8  2.0 37 13.2                           
091922101113102399ワンアフター　　　　　　　　　　　　 13.4  3.0  1.2  9.4  3.3 38  0.0                           
091922101213101207ブライティアレディ　　　　　　　　　  4.9  1.6 13.1  1.5  5.3 40 17.8                           
091922110113106041アップクォーク　　　　　　　　　　　  7.2  2.2  5.8  9.0  4.8 50 11.7                           
091922110215106153サトノフェイバー　　　　　　　　　　  8.3  2.4 14.5  1.1  5.6 51  0.0                           
091922110312104085ヴェネト　　　　　　　　　　　　　　 29.4  6.3-10.9-11.2 -7.4 38  0.0                           
091922110412103484スピリッツミノル　　　　　　　　　　 22.0  4.9 -4.9-10.9 -5.1 40  9.3                           
091922110515104663ベルーガ　　　　　　　　　　　　　　 43.5  8.9-10.9  5.4 -2.4 43  0.0  5                        
091922110615100513アイトーン　　　　　　　　　　　　　 41.7  8.6 -4.1-12.6 -5.3 40  0.0                           
091922110713109022ボールライトニング　　　　　　　　　 44.0  9.0  2.8  0.3  1.1 46  0.0                           
091922110815103120コスモイグナーツ　　　　　　　　　　 77.2 14.9 -9.7 -7.8 -5.9 39  0.0                           
091922110913106128プロディガルサン　　　　　　　　　　  7.6  2.3  9.7 15.5  8.2 53 10.3                           
091922111013105471ナイトオブナイツ　　　　　　　　　　 17.6  4.1  1.3  4.8  1.9 47  0.0                           
091922111114105558ソーグリッタリング　　　　　　　　　 11.5  2.9 -5.4  8.3  0.5 46  0.0  5                        
091922111212105538ツーエムマイスター　　　　　　　　　 42.0  8.7-10.9-10.9 -7.3 38  0.0                           
091922111315104713アドマイヤアルバ　　　　　　　　　　  5.6  1.9  6.7  5.2  4.0 49 16.4 1                         
091922111413103817ストーミーシー　　　　　　　　　　　 25.6  5.5 -9.7 -4.9 -5.0 40 17.1                           
091922111514104922クリノヤマトノオー　　　　　　　　　  2.8  1.4 20.2 24.6 14.8 60 18.0                           
091922111611101542コウエイタケル　　　　　　　　　　　 33.8  7.1-10.9 -9.3 -6.8 38  0.0                           
091922111713103687クラウンディバイダ　　　　　　　　　 45.5  9.3 -9.7-10.5 -6.7 38  0.0                           
091922120115101339ダノンロイヤル　　　　　　　　　　　 15.7  3.8-11.4  0.2 -4.1 26 13.2                           
091922120214105275マンハッタンロック　　　　　　　　　 14.5  3.5 -5.8  6.5 -0.2 30  0.0                           
091922120312104761レントラー　　　　　　　　　　　　　  6.4  2.1  2.4  9.0  3.6 34 24.5                           
091922120414105512タガノアンピール　　　　　　　　　　  6.3  2.1  3.8  8.8  4.0 34  0.0                           
091922120514105543カレンカカ　　　　　　　　　　　　　  6.3  2.1 10.4 11.0  7.1 37  8.8  5                        
091922120614101833サウスザスナイパー　　　　　　　　　 14.6  3.6  2.0  6.0  2.5 33  0.0                           
091922120713102941ランドハイパワー　　　　　　　　　　 43.1  9.0-10.9-10.4 -7.1 23  0.0                           
091922120812106039テイエムテツジン　　　　　　　　　　 45.0  9.4-11.0-18.1 -9.5 21  0.0                           
091922120913100591スノードルフィン　　　　　　　　　　 30.1  6.5-11.4-12.0 -7.8 22  0.0                           
091922121014105044カリーニョミノル　　　　　　　　　　 42.0  8.8 -1.6-10.5 -3.7 26  0.0                           
091922121113104814ドルチェリア　　　　　　　　　　　　  3.7  1.6 20.2  7.1  9.5 40 15.6                           
091922121214103967フォーカード　　　　　　　　　　　　 15.8  3.8  1.2-11.7 -3.1 27 17.1                           
091922121314104962ナムラヘラクレス　　　　　　　　　　  4.0  1.6 10.0 22.7 10.5 40  8.8  2                        
