0619260101낸2019030610220934147130129 18 23 21 57             
0619260102낸2019030610220914144128132 22 26 20 61             
0619260103낸2019030600130234152138132 17 14 21 5423 3A3       
0619260104낸2019030600130214155132139 14 18 13 45             
0619260105낸2019030610230215146124127 20 25 25 70             
0619260106낸2019030610230214144136133 22 17 19 5033 505       
0619260107낸2019030600130214147134129 23 19 26 6923 3A3       
0619260108낸2019030610221015146132129 20 22 23 64             
0619260109낸2019030610230215142130128 24 22 24 68             
0619260110낸2019030600130214138124140 31 27 12 63             
0619260111낸2019030611020915152131130 11 15 14 3932 3A3       
0619260112낸2019030610220915151130133 15 25 19 581  5A3       
0619260113낸2019030600120934145128139 24 28 14 62             
0619260114낸2019030610220945148131133 17 23 17 54             
0619260115낸2019030610710415139126129 26 24 20 68             
0619260116낸2019030610230214145144132 21  8 20 4222 3A3       
0619260201낸2019030600130214146126131 24 26 24 7423 405       
0619260202낸2019030610230214143136129 23 14 23 53             
0619260203낸2019030600120914149143129 20  8 23 5211 3A3       
0619260204낸2019030610230235144129134 21 23 16 56             
0619260205낸2019030610230216147136131 19 19 21 602  510       
0619260206낸2019030610710445146122131 18 27 16 6023 605       
0619260207낸2019030610210415142130140 24 21 12 5031 3A3       
0619260208낸2019030600130214167134139  2 21 13 41             
0619260209낸2019030610230214143129131 23 26 21 6211 3A3       
0619260210낸2019030610210444148135134 17 18 16 44             
0619260211낸2019030611020915144134121 19 12 23 5222 3A3       
0619260212낸2019030600130214151140138 19 17 17 52             
0619260213낸2019030610210415146127140 20 25 12 5211 3         
0619260214낸2019030611030245149128127 13 16 15 422  3         
0619260215낸2019030610230224146152132 20  3 20 36             
0619260216낸2019030610210414145138131 21 14 21 50             
0619260301낸2019030610220935150128132 15 24 18 56             
0619260302낸2019030610210415142128145 24 25  7 4721 505       
0619260303낸2019030600120914148133133 22 24 22 68             
0619260304낸2019030610210414135132134 31 21 18 5831 505       
0619260305낸2019030610210414146132132 20 20 20 54             
0619260306낸2019030600110414139130137 31 23 18 68             
0619260307낸2019030610230236143138130 22 15 20 57             
0619260308낸2019030610230236153135132 12 18 18 5123 3A3       
0619260309낸2019030611010445144132125 18 13 17 4432 305       
0619260310낸2019030610210445144132130 21 20 20 58             
0619260311낸2019030610220915144129139 22 21 13 5033 510       
0619260312낸2019030610230235149136131 16 14 19 48             
0619260313낸2019030600110414146125139 24 32 16 69             
0619260401낸2019030610730235148136130 16 14 17 47             
0619260402낸2019030610730235147134125 17 17 22 58             
0619260403낸2019030611020935147130122 15 15 20 49             
0619260404낸2019030600130214148138129 21 17 23 62             
0619260405낸2019030610720935146128136 18 21 11 47             
0619260406늧201903090A1 16 0                                  
0619260407낸2019030610730236147144134 17  7 13 35             
0619260408낸2019030611230235130122134 37 31 13 65             
0619260409낸2019030610730235148126130 16 23 17 56             
0619260410낸2019030601120914156130124  9 20 23 58             
0619260411낸2019030610710435147134125 17 16 22 57             
0619260412낸2019030600120934148138131 21 18 22 62             
0619260501낸2019030610230244142128130 23 23 20 59             
0619260502낸2019030600120914148138134 21 12 18 5033 305       
0619260503낸2019030611030215146130120 17 16 24 57             
0619260504낸2019030610210415148128128 18 23 24 65             
0619260505낸2019030600120914145138135 25 15 20 5823 3A3       
0619260506낸2019030610420956150123114  8 18 23 5611 3         
0619260507뒞2019030710230214144130124 24 25 30 742  7OP       
0619260508낸2019030610220946151134131 14 18 19 54             
0619260509낸2019030610210415142132135 24 23 17 5833 305       
0619260510낸2019030610230215148126130 18 27 22 6623 3A3       
0619260511낸2019030600120914143132137 27 20 18 6221 3         
0619260512낸2019030600120914148136126 21 15 26 65             
0619260513낸2019030610210415143132136 23 21 16 5531 3A3       
0619260514낸2019030610210415140126141 26 27 11 5631 405       
0619260515낸2019030610220914147132131 19 23 21 5823 405       
0619260516낸2019030610730235148134128 16 16 19 5223 410       
0619260601낸2019030600130214150140132 19 11 20 5112 3A3       
0619260602낸2019030611220946155138122 12 14 25 5711 3A3       
0619260603늧201903090A1 16 0                                  
0619260604낸2019030600130214150144146 19 11  6 31             
0619260605뒞2019030710221034147132126 21 24 29 7111 3A3       
0619260606낸2019030601110414146130125 19 15 22 5711 3A3       
0619260607낸2019030610230244143147137 22  6 13 3133 305       
0619260608낸2019030610230235138128131 27 25 19 6511 3A3       
0619260609늧201903090A1 16 0                                  
0619260610낸2019030610230245150130127 15 21 23 6023 305       
0619260701낸2019030600120914140128135 29 27 17 68             
0619260702뒞2019030700130214148135131 24 23 26 74             
0619260703낸2019030610730215145134129 20 15 20 55             
0619260704낸2019030600110414133128128 37 29 27 89             
0619260705낸2019030610210415143130145 23 24  7 4521 3A3       
0619260706낸2019030610210434146130127 19 21 23 5811 3A3       
0619260707낸2019030610720947146133135 18 16 12 44             
0619260708낸2019030600130214138134135 31 21 17 64             
0619260709낸2019030611030215146125121 17 21 23 60             
0619260710낸2019030610210415138134128 28 19 24 67             
0619260711낸2019030600110454135124131 33 30 19 77             
0619260712낸2019030600130214151138129 19 19 26 67             
0619260713낸2019030600110414138130133 31 25 19 70             
0619260714낸2019022710730214149138136 16 12 13 40             
0619260715낸2019030600110414137132126 32 23 26 79             
0619260716낸2019030610230215143131127 23 23 25 69             
0619260801낸2019030600130214152132127 18 25 28 75             
0619260802낸2019030610230234147134125 18 15 25 5413 4A3       
0619260803낸2019030610220916152131134 14 24 18 59             
0619260804낸2019030610230215150141137 16 11 15 39             
0619260805뒞2019030710230216146128135 23 29 22 73             
0619260806낸2019030600110434142128130 26 21 20 65             
0619260807낸2019030600130214143131132 26 20 20 6412 3A3       
0619260808낸2019030600130214156134134 14 19 21 5723 3A3       
0619260809낸2019030610730245146131128 18 18 19 55             
0619260810낸2019030610230215144126138 22 29 14 59             
0619260811뒞2019030710220956148132136 20 24 19 63             
0619260812낸2019030610210414135132132 31 22 20 6211 3A3       
0619260813낸2019030610230214147134142 19 18 10 37             
0619260814낸2019030611020915137127121 26 19 23 6412 810       
0619260901낸2019030610230215154131131 12 22 21 56             
0619260902낸2019030610220915146128129 20 27 23 6923 6OP       
0619260903낸2019030610220935144134126 21 19 24 63             
0619260904낸2019030610220944150128129 15 26 21 58             
0619260905낸2019030610230215146135134 20 19 18 5423 410       
0619260906낸2019030610230225149132134 17 23 18 5623 6OP       
0619260907낸2019030610221015149128131 17 27 21 6433 405       
0619260908낸2019030610220916148129127 18 25 25 7112 4OP       
0619260909낸2019030600121014141128132 29 24 23 7422 410       
0619260910낸2019030600130244148136124 21 20 29 73             
0619260911낸2019030610230235146132130 19 21 20 5822 410       
0619261001낸2019030610230235150138127 15 14 23 5323 6OP       
0619261002뒞2019030710220914144129124 25 27 33 8123 3         
0619261003낸2019030610230215150134130 16 20 22 58             
0619261004낸2019030610230215144132134 22 23 18 59             
0619261005낸2019030601110414148128118 18 24 32 80             
0619261006낸2019030611220916149128123 18 23 23 66             
0619261007낸2019030611020915144128120 19 17 24 59             
0619261008낸2019030601130214153138126 12 12 21 49             
0619261009낸2019030610230224143120126 23 30 26 74             
0619261010낸2019030611210444128122124 38 24 20 62             
0619261011낸2019030611210436152126121 14 26 23 67             
0619261012낸2019030601130234142128124 22 21 21 64             
0619261013낸2019030610230214137132128 29 23 24 6723 505       
0619261014낸2019030610230215142130129 24 25 23 6922 3A3       
0619261101낸2019030610220915144126130 22 28 22 6923 3A3       
0619261102낸2019030610220934142132126 23 20 24 6122 3A3       
0619261103낸2019030610230234141136131 24 17 19 5123 305       
0619261104낸2019030610220934144132128 21 22 22 5923 505       
0619261105뒞2019030700130214146134136 26 24 21 69             
0619261106낸2019030600130214147135131 22 20 21 63             
0619261107낸2019030610230235142122130 23 29 20 6912 405       
0619261108낸2019030610230235142130129 23 22 21 63             
0619261109낸2019030610230234137132131 28 22 19 59             
0619261110낸2019030610220914151134124 15 17 28 59             
0619261111낸2019030610230214140128124 26 23 28 7123 405       
0619261112낸2019030600120914147133125 22 22 27 73             
0619261113낸2019030610230214137130129 29 22 23 65             
0619261114낸2019030601130214147134124 18 16 23 59             
0619261115낸2019030610730215153127127 12 24 22 62             
0619261116낸2019030610230235136133127 29 21 23 6823 510       
0619261201낸2019030610210415148132128 18 20 24 623  505       
0619261202낸2019030610210414146136127 20 19 25 60             
0619261203낸2019030610210414145131127 21 23 25 6421 405       
0619261204낸2019030600130214152132127 17 23 25 68             
0619261205낸2019030600110414151134121 19 23 34 82             
0619261206낸2019030610230245152133127 13 20 23 5723 816       
0619261207낸2019030610730245146133128 18 16 19 5323 3A3       
0619261208낸2019030601130214139133123 27 15 27 6911 3A3       
0619261209낸2019030600130214165132127  5 25 28 67             
0619261210낸2019030611020915150133116 13 13 28 5823 505       
0619261211낸2019030610230214142127133 24 28 19 6323 505       
0619261212낸2019030611030235141124126 21 20 16 5223 510       
0619261213낸2019030600130234152132133 17 24 20 62             
0619261214낸2019030610230214154138126 12 17 26 55             
0619261215낸2019030600120914142134120 27 21 32 82             
0619261216뒞2019030710230233158158132 10  0 23 2823 3A3       
0719220101낸2019030611210435144132128 23 22 19 5531 3A3       
0719220102낸2019030611730236149144122 17  6 20 44             
0719220103낸2019030611710415142135122 25 16 22 59             
0719220104낸2019030611230235145139129 22 12 18 44             
0719220105낸2019030611230235150140124 17 12 23 48             
0719220106낸2019030610210454155128127 10 26 23 5823 3OP       
0719220107낸2019030611730216149137127 18 14 17 49             
0719220108낸2019030600120914133130139 37 22 16 6731 3A3       
07192201092019030311021014146134124 19 13 22 4823 510       
0719220110늧201903090A1 16 0                                  
0719220111낸2019030610221014146139127 20 16 25 5623 3A3       
0719220201낸2019030610230235148132133 17 22 17 5333 405       
0719220202낸2019030600130214158134129 11 17 23 5621 3A3       
0719220203낸2019030600110414158134130 12 18 25 6123 3A3       
0719220204낸2019030600120914157138131 13 15 24 57             
0719220205낸2019030600120914140128132 30 24 23 7523 3A3       
0719220206낸2019030601130214144136125 22 12 25 6023 516       
0719220207낸2019030601120934146126125 19 20 23 6421 4A3       
0719220208낸2019030600120944149134130 20 18 23 62             
0719220209낸2019030610230215152150146 14  4  6 18             
0719220210낸2019030601110414152135129 14 13 21 5111 3A3       
0719220211낸2019030610211044155130130 10 21 20 49             
0719220212낸2019030611021015150132139 13 13  5 2533 405       
0719220213낸2019030610230234159142136  6  9 14 2623 3         
0719220214낸2019030611030245149136117 13  8 25 4812 510       
0719220215낸2019030600130214169138128  0 17 24 51             
0719220216낸2019030610710415150128129 15 23 20 60             
0719220301낸2019030611210416150126123 17 23 23 6511 510       
0719220302낸2019030600110414147132135 22 18 17 5522 610       
0719220303낸2019030601121014148130125 18 17 25 6311 3         
0719220304낸2019030610710415142129125 23 21 24 6823 410       
0719220305낸2019030611210416140132132 27 21 14 57             
0719220306낸2019030611210435142132120 25 21 27 6711 3A3       
0719220307낸2019030610230216152152129 14  3 23 4412 305       
0719220308낸2019030611530215144124116 17 23 30 75             
0719220309낸2019030611220916149133124 18 17 22 58             
0719220310낸2019030601110414143128128 23 20 22 6532 3A3       
0719220311낸2019030610230225148140130 18 15 22 54             
0719220312늧201903090A1 16 0                                  
0719220313낸2019030610210445140130134 25 20 16 5511 3A3       
0719220401낸2019030611720945143126119 23 24 23 68             
0719220402낸2019030600121044143128133 25 21 17 6011 3         
0719220403낸2019030600130214153134135 17 19 20 5723 405       
0719220404낸2019030601110414148132127 17 14 20 5232 3A3       
0719220405낸2019030610230215148125132 18 29 20 65             
0719220406낸2019030601120914158142124  7  8 23 44             
0719220407낸2019030610230215151144134 15  9 18 41             
0719220408낸2019030611210416146133125 21 18 21 60             
0719220409낸2019030610220915138121136 28 34 16 7033 405       
0719220410낸2019030611020915158138120  5  8 24 4122 405       
0719220411낸2019030611220946147128122 20 25 25 72             
0719220412낸2019030611230235152134119 14 16 25 5323 305       
0719220413낸2019030600121014144136132 26 17 23 65             
0719220414낸2019030600130214141132135 28 19 17 6032 405       
0719220415낸2019030600130214151141134 19 16 21 57             
0719220416낸2019030611230215141136134 27 18 15 48             
0719220501낸2019030611230215156130124 12 22 25 5821 3A3       
0719220502낸2019030611730245132126124 34 24 18 67             
0719220503낸2019030611210436140130133 26 21 11 5231 405       
0719220504낸2019030601130214144129129 21 17 18 5531 505       
0719220505낸2019030601121034150136121 15 15 27 62             
0719220506낸2019030611230216153137126 15 15 23 57             
0719220507낸2019030611030215144132132 19 14 12 39             
0719220508늧201903090B1 16 0                                  
0719220509낸2019030611230214140127126 27 23 20 55             
0719220510낸2019030610230245142129127 23 20 23 6323 505       
0719220511낸2019030601130214154136127 12 16 23 55             
0719220512낸2019030611220944142136123 24 15 21 46             
0719220513낸2019030611230246141120132 26 29 15 6611 505       
0719220514낸2019030611030215148132124 15 14 20 4823 3A3       
0719220601낸2019030610230245161136128  4 16 22 47             
0719220602낸2019030601110414149136125 16 14 22 54             
0719220603낸2019030611030215150134131 13 12 13 3523 305       
0719220604낸2019030601130214150138125 16 14 25 59             
0719220605낸2019030601130244144131124 21 20 24 66             
0719220606낸2019030600130214155135133 14 15 19 50             
0719220607낸2019030610210416150130127 16 23 25 6821 3         
0719220608낸2019030600130214156133127 13 22 25 65             
0719220609낸2019030610220915145134132 21 21 20 59             
0719220610낸2019030600130214136138143 34 19 12 56             
0719220611낸2019030600130214144130130 26 27 25 78             
0719220612낸2019030601121014138127130 27 18 17 5811 3A3       
0719220613낸2019030611210416141136129 26 17 17 56             
0719220614낸2019030611210416150132121 18 21 28 7112 410       
0719220615낸2019030601130214149144130 16  6 17 39             
0719220616뒞2019030710230214147133132 22 24 25 66             
0719220701낸2019030610210414145143131 21 11 21 46             
0719220702낸2019030611230235146128123 21 24 24 64             
0719220703낸2019030601130214152128127 14 19 23 6012 3A3       
0719220704낸2019030610230215142135130 24 19 22 62             
0719220705낸2019030610220914151138128 15 14 24 50             
0719220706낸2019030601110414151136124 15 16 26 61             
0719220707낸2019030611210416153134139 15 21 10 44             
0719220708늧201903090A1 16 0                                  
0719220709낸2019030601110414149124136 16 26 11 51             
0719220710낸2019030610730214149139135 16 12 14 41             
0719220711뒞2019030711230234146112120 20 33 24 65             
0719220712낸2019030611210415128114126 40 34 23 84             
0719220713낸2019030611210416149126125 18 24 21 6431 3A3       
0719220714낸2019030600130234144131133 24 18 17 5723 3A3       
0719220715낸2019030601121014150129126 16 23 24 66             
0719220716낸2019030610230214147136129 19 18 23 55             
0719220801낸2019030601110434142130129 23 21 19 61             
0719220802낸2019030601130234146129126 18 15 19 5323 505       
0719220803낸2019030601110414153124121 13 24 29 7211 6OP       
0719220804낸2019030601110414146134128 19 16 19 54             
0719220805낸2019030611430216144140118 23 12 23 58             
0719220806낸2019030611210416148132130 19 20 16 5413 510       
0719220807낸2019030601130214157130125  9 18 25 5823 8OP       
0719220808낸2019030610230215152130131 14 21 21 5723 305       
0719220809낸2019030610730215146122131 19 29 18 6521 3         
0719220810낸2019030600110434153136126 16 20 27 68             
0719220811낸2019030610220915146132130 20 22 22 62             
0719220812낸2019030610220916151132132 15 21 20 5921 405       
0719220813낸2019030611210416139125135 28 27 11 5931 6OP       
0719220901뒞2019030711030244142129121 22 17 23 55             
0719220902낸2019030611730216147128116 20 23 28 74             
0719220903낸2019030600130214159142140 10 13 12 36             
0719220904낸2019030601110414141125127 25 27 23 74             
0719220905낸2019030601110414145138125 21 14 25 62             
0719220906낸2019030601130214147130121 19 22 29 74             
0719220907낸2019030601120914146136124 19 14 23 58             
0719220908낸2019030610230215151130129 15 25 23 6411 516       
0719220909낸2019030610230244138126124 27 23 26 6923 305       
0719220910낸2019030610710415136126127 29 24 22 7221 716       
0719220911낸2019030601110434145130121 19 14 24 5913 3A3       
0719220912낸2019030610710415144126126 21 25 23 7021 410       
0719220913낸2019030610220914153141129 13 14 23 48             
0719220914낸2019030610220914149136135 17 16 17 4433 410       
0719220915낸2019030610221015143127131 23 25 21 66             
0719220916낸2019030610230245148126134 17 25 16 55             
0719220917낸2019030610220915158130128  8 25 24 61             
0719220918낸2019030611210416138128134 29 23 12 5831 305       
0719221001낸2019030601130214147128124 19 24 26 72             
0719221002낸2019030601130214145128126 20 17 21 5921 405       
0719221003낸2019030611210436149138121 18 15 26 621  3A3       
0719221004낸2019030611210434135126122 32 26 25 6811 3A3       
0719221005낸2019030610210415144119140 22 32 12 59             
0719221006낸2019030610230214157130127  9 25 25 5921 3A3       
0719221007낸2019030601130214146132121 20 20 29 73             
0719221008뒞2019030701120914153134126 11 15 20 50             
0719221009낸2019030611210436151127126 15 25 18 5911 3A3       
0719221010낸2019030601110414148130121 18 22 29 73             
0719221011뒞2019030701130214122126149 43 25  0 51             
0719221012낸2019030601130234156130118  8 19 27 62             
0719221013낸2019030601110414143136124 22 14 23 59             
0719221101낸2019030611230235155134114 11 15 30 57             
0719221102늧201903090A1 16 0                                  
0719221103낸2019030601130234147128123 17 21 22 62             
0719221104낸2019030601110414148131121 17 19 26 66             
0719221105낸2019030601130234147138123 17 11 22 52             
0719221106낸2019030611230236146137120 20 14 24 6021 416       
0719221107낸2019030611220936142127119 24 24 25 7411 510       
0719221108낸2019030611230215158140120  9 13 26 4823 3         
0719221109낸2019030611210416145126117 23 27 32 86             
0719221110낸2019030601111034134128123 30 16 22 6521 6OP       
0719221111낸2019030601130234145124122 19 20 23 6411 510       
0719221112낸2019030601121014149129124 16 21 23 63             
0719221113낸2019030610220915149129125 17 26 27 7123 805       
0719221201낸2019030610230214141133127 25 22 25 6512 710       
0719221202낸2019030610230214150124125 16 27 27 68             
0719221203낸2019030601130214147142130 18  3 17 3823 3         
0719221204낸2019030610230245154140132 11 14 18 43             
0719221205낸2019030611230214154136126 14 19 23 47             
0719221206낸2019030601120914143130122 22 20 25 68             
0719221207낸2019030611730236138129121 28 21 21 67             
0719221208낸2019030611230215140136127 27 15 19 51             
0719221209낸2019030601110434146124120 18 25 25 71             
0719221210낸2019030601110414141124126 24 26 21 70             
0719221211낸2019030601121014146130124 19 16 23 6011 605       
0719221212낸2019030601110414143127131 22 23 16 59             
0719221213낸2019030610210416143134135 23 18 17 56             
0719221214뒞2019030701120934154134122  9  9 22 4613 305       
07192212152019030311730216156130118  7 16 22 51             
0719221216낸2019030601110414152130128 14 22 22 61             
0719221217낸2019030601120914150127124 15 19 23 60             
0919160101낸2019030611230215150140127 17 11 19 41             
0919160102낸2019030601121034141132122 24 19 26 70             
0919160103낸2019030601130214161134125  5 14 25 5211 3A3       
0919160104낸2019030600120914150135135 20 22 20 62             
0919160105낸2019030611230214139128126 28 23 20 55             
0919160106낸2019030611230216154142132 13  8 14 3612 3A3       
0919160107낸2019030601120914151142135 14  8 12 33             
0919160108늧201903090A1 16 0                                  
0919160109낸2019030601110414138126127 27 20 20 6411 3A3       
0919160110낸2019030601121034158140131  6  9 14 32             
0919160111낸2019030601121014148146124 18  6 26 53             
0919160112낸2019030611211045155134124 11 16 20 4423 3A3       
0919160201낸2019030601110434141138128 23 11 17 49             
0919160202낸2019030601110434152132127 12 13 18 4533 3A3       
0919160203낸2019030601110414148135126 18 17 24 61             
0919160204늧201903090A1 16 0                                  
0919160205낸2019030600130214143140132 26 15 20 59             
0919160206늧201903090B1 16 0                                  
0919160207낸2019030601130214153142134 12  8 13 33             
0919160208낸2019030600120954153139133 16 12 20 5023 3A3       
0919160209낸2019030601130244141126136 23 23  9 49             
0919160210낸2019030610230215151133133 15 22 19 55             
0919160211낸2019030601110434137128125 27 17 20 612  3A3       
0919160212낸2019030611210434137128122 29 23 22 5831 3OP       
0919160213낸2019030601130214153128128 13 24 22 63             
0919160214낸2019030601120914142127122 23 19 25 6822 305       
0919160215낸2019030611230215138131130 30 22 19 60             
0919160301낸2019030601120914149145127 17  7 23 49             
0919160302낸2019030601110414149140125 17  8 25 5321 305       
0919160303낸2019030601121014143134130 23 18 20 60             
0919160304늧201903090A1 16 0                                  
0919160305낸2019030601130214158150135  8  2 15 28             
0919160306낸2019030611211036148138125 18 11 19 49             
0919160307낸2019030601110414144132123 21 18 24 64             
0919160308낸2019030601110434149137127 16 14 21 53             
0919160309낸2019030601110414143130127 23 22 23 68             
0919160310낸2019030601130214150130126 15 15 21 5411 3         
0919160311낸2019030601110444135128129 29 16 16 562  510       
0919160401낸2019030601120914131123131 34 22 16 6521 4OP       
0919160402낸2019030601110414152130127 13 20 20 56             
0919160403낸2019030611220936150140127 16 12 17 4531 305       
0919160404낸2019030601121014146132126 19 13 21 5411 3A3       
0919160405낸2019030601110414148134123 18 13 27 6211 3A3       
0919160406낸2019030611210435144128123 22 22 21 5811 3         
0919160407낸2019030601120914156136127 10 12 23 5031 3         
0919160408뒞2019030701120914140122127 24 27 19 69             
0919160409낸2019030601130214148136127 17 14 20 52             
0919160410낸2019030601121034145133128 20 14 20 5411 3A3       
0919160411낸2019030611230216151136127 17 19 22 6012 305       
0919160412낸2019030601120914148134123 18 14 27 6321 3A3       
0919160413낸2019030601110414152140128 13  6 19 4031 3A3       
0919160414낸2019030601110414147134123 18 11 24 5621 510       
0919160415낸2019030601130234153135134 12 16 14 43             
0919160416낸2019030601130214154132127 11 18 20 53             
0919160501낸2019030601110414154132135 11 18 12 41             
0919160502낸2019030611220946150132130 16 17 14 47             
0919160503낸2019030601121014145140130 21 12 20 53             
0919160504낸2019030611230236150137130 17 16 17 5023 3         
0919160505낸2019030611210436151122126 16 29 21 6811 410       
0919160506낸2019030601130214145139130 20 11 17 47             
0919160507낸2019030600130244148134134 21 18 19 5723 3A3       
0919160508낸2019030611210416144139139 23 13  7 3711 3A3       
0919160509낸2019030611220914142138121 25 15 25 52             
0919160510낸2019030611210416155139129 12 13 17 443  305       
0919160511낸2019030601110434155130126 10 16 22 5333 3A3       
0919160512낸2019030601110414142129125 23 16 22 6111 3         
0919160601낸2019030601130214152138133 14 14 17 46             
0919160602낸2019030601110414153133126 12 17 21 54             
0919160603낸2019030601120914160134123  5 12 24 4911 405       
0919160604뒞2019030701120914168135121  0 16 28 56             
0919160605낸2019030601110414142136124 23 14 23 60             
0919160606낸2019030601110414136127130 30 20 20 6623 3A3       
0919160607낸2019030611210425154130130 14 23 19 5131 305       
0919160608낸2019030601121034153136125 11 13 20 48             
0919160701낸2019030601130234143130124 21 14 21 5623 305       
0919160702낸2019030600110414138132133 32 21 22 7122 3         
0919160703낸2019030611230216142131126 25 20 20 63             
0919160704낸2019030610220915148135126 18 19 26 64             
0919160705낸2019030611210416145128129 22 23 17 60             
0919160706낸2019030611210414145128121 22 24 25 5931 3A3       
0919160707낸2019030601110444152130121 12 14 24 5511 610       
0919160708낸2019030611230215153132126 15 22 23 56             
0919160801낸2019030601130244147136127 18 15 21 55             
0919160802낸2019030601110444151136124 14 11 24 5311 3A3       
0919160803늧201903090A1 16 0                                  
0919160804낸2019030601110414157131124  8 19 23 56             
0919160805낸2019030611210416151136123 17 18 26 65             
0919160806낸2019030611210436150124123 16 25 21 64             
0919160807뒞2019030701130214145134135 19 15 11 42             
0919160808낸2019030601110414144140133 22 12 17 49             
0919160809낸2019030601110434146131124 18 18 21 58             
0919160901낸2019030601120914143130134 23 22 16 58             
0919160902낸2019030611230216139130129 28 23 17 64             
0919160903낸2019030601130214159147145  7  5  5 16             
0919160904낸2019030611210436148131120 18 20 24 6511 505       
0919160905낸2019030611210416147128122 21 26 27 7731 3OP       
0919160906낸2019030601110434148140128 16  9 17 42             
0919160907낸2019030611230215141128131 27 23 18 57             
0919160908낸2019030611210416149128121 18 25 25 7123 305       
0919160909낸2019030601110414138126130 27 19 17 5911 410       
0919160910낸2019030611210426142128123 26 26 26 7813 405       
0919161001낸2019030601110414154134125 11 12 22 4921 3         
0919161002낸2019030601110444150128122 15 23 26 68             
0919161003낸2019030610710415136126127 29 25 22 7321 505       
0919161004낸2019030611220916144135132 24 20 17 58             
0919161005낸2019030611210436148132125 19 22 22 64             
0919161006낸2019030601120914147130125 18 15 22 5713 3A3       
0919161007낸2019030601130214152134130 14 14 20 5023 605       
0919161008낸2019030601110414146128128 19 22 19 60             
0919161009낸2019030611410446141128115 25 22 24 71             
0919161010낸2019030601110434163141124  2 10 24 45             
0919161011낸2019030601130214158144130  7  6 17 34             
0919161012낸2019030601121034135126128 30 25 20 71             
0919161013낸2019030610220915152126125 14 29 27 72             
0919161014낸2019030601110414144134126 22 13 24 6023 3A3       
0919161101낸2019030601121034136130123 29 16 25 6911 3         
0919161102낸2019030601130234155135123  9 14 22 50             
0919161103낸2019030601121034143128122 21 16 23 612  3A3       
0919161104낸2019030601120934141125127 23 19 18 5812 4OP       
0919161105낸2019030601110414137125123 29 27 27 82             
0919161106낸2019030601130214137130122 29 22 28 79             
0919161107낸2019030601110414141126122 24 20 25 6921 405       
0919161108낸2019030601120914170140116  0 10 31 53             
0919161109낸2019030601130214143130124 23 22 26 72             
0919161110낸2019030601130214150135123 16 17 27 64             
0919161111낸2019030610230234142130130 23 22 20 57             
0919161112낸2019030601121034149132123 16 19 25 64             
0919161113낸2019030610230245150134127 15 16 23 55             
0919161114낸2019030611230215150140140 18 14  9 31             
0919161115낸2019030611210446144128121 22 22 23 6811 610       
0919161116낸2019030600121014140132129 30 20 26 7523 616       
0919161117낸2019030611220916145134118 22 17 28 7011 505       
0919161118낸2019030601110434163136120  1 13 25 49             
0919161201낸2019030601110414153130122 13 18 28 6531 305       
0919161202낸2019030600120914161142129  8 13 23 50             
0919161203낸2019030600130214147139134 23 18 21 61             
0919161204낸2019030611230216159134137  9 20 12 42             
0919161205낸2019030610230214138126131 28 29 21 6822 416       
0919161206낸2019030610221015151136130 15 19 22 56             
0919161207뒞2019030711410445142130112 24 21 27 73             
0919161208낸2019030601110414142128124 24 24 26 75             
0919161209낸2019030601121014160140126  6 12 24 49             
0919161210낸2019030601130214143122132 23 30 18 69             
0919161211낸2019030601120914147130130 18 20 17 55             
0919161212낸2019030601110414147126122 19 26 28 77             
0919161213낸2019030601130214158135128  8 17 22 53             
0919161214낸2019030611230214130134123 37 19 23 60             
0919161215낸2019030611210416159130124  9 23 25 6433 7OP       
0919161216낸2019030601110444138123127 26 26 18 67             
