061926010116102645ボンドロール　　　　　　　　　　　　  5.3  1.8  9.2 20.4 10.2 15  6.3                           
061926010216100628ブルーコーラル　　　　　　　　　　　  4.5  1.6 12.8 24.6 12.9 18 14.0                           
061926010316101064ログインボーナス　　　　　　　　　　121.9 22.0-10.0-10.0 -6.7 -2  0.0  0                        
061926010416106408ウジラーサン　　　　　　　　　　　　 44.3  8.6-10.0-11.0 -7.0 -2  0.0                           
061926010516103313トーセンコハク　　　　　　　　　　　 46.9  9.1 -3.8-12.5 -5.7 -1  0.0                           
061926010616102460ガウナ　　　　　　　　　　　　　　　 14.6  3.3  6.8  9.5  5.5 11  0.0                           
061926010716106241フォーアネーム　　　　　　　　　　　 14.8  3.4  6.0 -3.0  0.7  6  0.0                           
061926010816100189ビレッジベルベ　　　　　　　　　　　 26.5  5.4 -3.6 -7.5 -3.8  1  9.1                           
061926010916102118ラブインブルーム　　　　　　　　　　 12.6  3.0 13.4  5.4  6.0 11  0.0                           
061926011016103022リーピングリーズン　　　　　　　　　  6.3  1.9  6.0 15.9  7.6 13 16.3                           
061926011116103918ティヤム　　　　　　　　　　　　　　 96.0 17.5 -3.9-12.5 -5.8 -1  0.0                           
061926011216103872ジューンバラード　　　　　　　　　　  2.8  1.4 17.2 23.1 13.6 19 18.1                           
061926011316100737シオンコタン　　　　　　　　　　　　 68.0 12.6-10.0-13.0 -7.8 -3  0.0                           
061926011416105040オスカーティアラ　　　　　　　　　　 16.4  3.7 -8.7-10.6 -6.5 -1  0.0                           
061926011516103597デルマシャンゼリゼ　　　　　　　　　 66.0 12.2-10.4-13.3 -8.0 -3  0.0  0                        
061926011616102926ノルニル　　　　　　　　　　　　　　 97.5 17.7-11.4-19.4-10.5 -6  0.0  0                        
061926020116100630トモジャドット　　　　　　　　　　　 13.7  3.1  6.0  8.6  5.0 10  0.0                           
061926020216101334ニシノビアンカ　　　　　　　　　　　 27.3  5.4-11.4-12.5 -8.0 -3  0.0                           
061926020316100573ヤマニンポラール　　　　　　　　　　154.0 26.5-10.0 -7.6 -5.8 -1  0.0                           
061926020416106607ゼネラルヴィント　　　　　　　　　　  5.9  1.8  9.6  7.6  5.7 11 16.3                           
061926020516101839サマーアイランド　　　　　　　　　　  5.1  1.7 14.8 26.5 14.2 19 14.0                           
061926020616100813ヨウコウ　　　　　　　　　　　　　　101.6 17.7-10.4-19.4-10.2 -5  0.0  0                        
061926020716103647ジョガールボニート　　　　　　　　　  5.6  1.8 12.4 20.0 11.1 16  6.3  2                        
061926020816101441ゴールドソックス　　　　　　　　　　 10.8  2.5 20.0  5.0  7.8 13  0.0                           
061926020916103888アールランペイジ　　　　　　　　　　  2.4  1.3 18.6 26.4 15.3 20 18.1                           
061926021016101267シゲルキャッツアイ　　　　　　　　　129.8 22.5-11.4-18.6-10.2 -5  0.0                           
061926021116103102ゴーインピース　　　　　　　　　　　 22.2  4.5-13.4 -4.6 -5.7 -1  0.0                           
061926021216105404アラニ　　　　　　　　　　　　　　　137.0 23.7-10.0-12.2 -7.5 -2  0.0                           
061926021316101629ミキノビックリバコ　　　　　　　　　115.2 20.0-11.4-20.0-10.8 -6  0.0                           
061926021416100440レジーナトウショウ　　　　　　　　　 40.0  7.6-13.4 -4.7 -5.7 -1  0.0                           
061926021516102342クリアセーリング　　　　　　　　　　 35.9  6.9 -1.3 -1.9 -1.1  4  0.0                           
061926021616100327セイクリッドサン　　　　　　　　　　 22.5  4.5 -1.1  9.3  3.1  8  8.7                           
061926030116103025シナリオライン　　　　　　　　　　　 16.7  3.1  1.7  6.6  2.9  8  0.0                           
061926030216103545モリトシュン　　　　　　　　　　　　 65.6  9.8-11.4-13.2 -8.3 -3  0.0                           
061926030316102230ゼヒニオヨバズ　　　　　　　　　　　 22.3  3.9-10.0 -8.4 -6.1 -1 11.6                           
061926030416100614トゥルボー　　　　　　　　　　　　　 12.8  2.5  8.3  8.6  5.6 11  0.0                           
061926030516100787ジムマシーン　　　　　　　　　　　　103.3 15.1-11.4-19.6-10.6 -6  0.0                           
061926030616105139クリスタロス　　　　　　　　　　　　  2.1  1.2 20.0 28.2 16.3 21 18.1  1  248   41              
061926030716100848ジェイケイエース　　　　　　　　　　  5.3  1.5 10.2  3.3  4.3  9 12.5                           
061926030816101497ベルウッドヒビキ　　　　　　　　　　 32.9  5.4 -7.7  8.1  0.7  6  0.0                           
061926030916105585テンプテーション　　　　　　　　　　 25.4  4.3 13.1  1.0  4.3  9  8.7                           
061926031016100999ユイノニュータイプ　　　　　　　　　 14.8  2.8  4.2 -1.1  0.9  6  0.0                           
061926031116106002ハヤテジョー　　　　　　　　　　　　 31.2  5.1-11.4 -8.8 -6.6 -2  0.0  0                        
061926031216106069フーズサイド　　　　　　　　　　　　  3.7  1.3 16.7 19.8 12.3 17 14.0C                          
061926031316100258ギャップオブリアル　　　　　　　　　 28.1  4.7  6.0 -3.1  0.7  6  0.0                           
061926040115110005カポラヴォーロ　　　　　　　　　　　 26.1  5.0-10.4 -2.7 -4.1 -4  0.0                           
061926040215103994トーアスサノオー　　　　　　　　　　 28.7  5.4-10.4-15.3 -8.7 -9 13.7                           
061926040312102265ブルーガーディアン　　　　　　　　　  4.6  1.5 26.9 18.3 14.8 15 12.5                           
061926040413105662ロスカボス　　　　　　　　　　　　　 14.5  3.1  6.0  8.8  5.0  5  7.7B 0                        
061926040513103179マストワン　　　　　　　　　　　　　 13.4  2.9-10.4  6.1 -0.9 -1  0.0                           
061926040613104934タニガワ　　　　　　　　　　　　　　 36.6  6.7 -7.5-19.4 -9.4 -9  0.0  0                        
061926040714104274アーネストホープ　　　　　　　　　　 22.8  4.4-10.4 -2.9 -4.2 -4  0.0                           
061926040814103872オースミベリル　　　　　　　　　　　  8.3  2.2 13.7  5.9  6.3  6  9.6                           
061926040914101590シャイニードライヴ　　　　　　　　　 32.5  6.1 10.4-12.2 -1.4 -1  0.0                           
061926041012106377ワンダープレジール　　　　　　　　　  2.6  1.3 21.8 15.9 12.4 12 18.1                           
061926041112105342レオクイック　　　　　　　　　　　　 19.9  4.0-10.4 -4.7 -4.8 -5  0.0                           
061926041210101798セガールフォンテン　　　　　　　　　  3.7  1.4 15.0 22.3 12.7 13  5.8                           
061926050116104439グランヴィスタ　　　　　　　　　　　  3.6  1.5 13.7 18.8 11.0 16 19.8                           
061926050216103769スタープレゼンス　　　　　　　　　　 18.2  4.1-10.0  2.4 -2.1  3  0.0                           
061926050316100730マイネルペンドラム　　　　　　　　　 12.2  2.9  4.0 10.5  5.1 10  0.0                           
061926050416101209オセアグレイト　　　　　　　　　　　  7.1  2.1 10.9 18.1  9.9 15  0.0  2                        
061926050516102337フライクーゲル　　　　　　　　　　　 26.0  5.4-10.0-12.1 -7.4 -2  9.2                           
061926050616104002ブライティアセルバ　　　　　　　　　  3.5  1.5 20.8  9.6  9.8 15  7.5                           
061926050716104696スマイル　　　　　　　　　　　　　　  4.6  1.6 16.5 18.1 11.6 17 15.1                           
061926050816105065ダイワエターナル　　　　　　　　　　 15.8  3.6  4.9  9.0  4.8 10  7.7                           
061926050916104891フライトストリーム　　　　　　　　　 62.2 11.8-11.4-10.7 -7.3 -2  0.0                           
061926051016100350ゴンジセ　　　　　　　　　　　　　　 42.9  8.6 -8.5-10.9 -6.5 -2  0.0                           
061926051116103564テイエムワンダー　　　　　　　　　　 62.6 11.9-10.0 -9.5 -6.5 -1  0.0                           
061926051216105254ゲットリズム　　　　　　　　　　　　 30.6  6.3-10.0 -4.7 -4.7  0  0.0                           
061926051316102745ウインコンダクター　　　　　　　　　220.4 40.2-11.4-16.1 -9.3 -4  0.0                           
061926051416104890ラヴィアンレーヴ　　　　　　　　　　 31.5  6.5 -4.2 -5.2 -3.2  2  0.0                           
061926051516100225ショウチクバイ　　　　　　　　　　　130.5 24.1-11.4-11.9 -7.8 -3  0.0                           
061926051616106547エコロドリーム　　　　　　　　　　　 18.6  4.1-10.4 13.1  1.7  7  8.7                           
061926060116105756マイネルエキサイト　　　　　　　　　 19.9  3.5-10.0-12.1 -7.4 13  0.0                           
061926060216101968レターオンザサンド　　　　　　　　　  8.6  2.0 16.0  9.9  8.4 28 17.5                           
061926060316100406ジユウノメガミ　　　　　　　　　　　 59.9  8.9-13.1-10.0 -7.6 12  0.0                           
061926060416103744アトミックスワップ　　　　　　　　　 63.1  9.3-10.0 -9.2 -6.4 14  0.0                           
061926060516110034ヴィエナブロー　　　　　　　　　　　  3.8  1.4 18.6 15.3 11.2 31  5.8                           
061926060616104654ウレキサイト　　　　　　　　　　　　  6.2  1.7 15.8  8.9  8.0 28 23.1                           
061926060716104563ヴァンランディ　　　　　　　　　　　  2.1  1.2 17.0 24.2 14.0 34 18.1B                          
061926060816103906マジェスティゲート　　　　　　　　　 15.9  3.0  8.1  6.4  4.8 25  0.0                           
061926060916105596マンゴープリン　　　　　　　　　　　 55.3  8.3-13.1-18.6-10.8  9  0.0                           
061926061016104772ザダル　　　　　　　　　　　　　　　  5.6  1.6 14.2 10.8  8.2 28  0.0                           
061926070114101877アンチャーテッド　　　　　　　　　　 18.1  4.0-10.0  8.4  0.1 20  0.0  5                        
061926070215104461ササノユキオルフェ　　　　　　　　　 24.7  5.2  6.0 -9.8 -1.8 18  0.0                           
061926070314103366シャイニングボルト　　　　　　　　　 59.3 11.2  6.2-13.3 -3.0 17  0.0  0                        
061926070414105032シルバーストーン　　　　　　　　　　  5.0  1.7 10.0 13.2  7.8 28  0.0                           
061926070514101637リトルレグルス　　　　　　　　　　　 99.2 18.4-11.4-13.2 -8.3 12  0.0                           
061926070615103867ウメタロウ　　　　　　　　　　　　　 23.3  4.9 -8.4 -4.7 -4.2 16  0.0                           
061926070715105136オレノマニラ　　　　　　　　　　　　 32.7  6.6-10.4-12.6 -7.7 12  0.0                           
061926070815100828ハルメキ　　　　　　　　　　　　　　101.5 18.8-10.0 -4.7 -4.7 15  0.0                           
061926070914102296ヌンジュリエット　　　　　　　　　　 60.1 11.4-13.4-19.6-11.2  9  0.0                           
061926071015104243アメリカンツイスト　　　　　　　　　 15.0  3.5  4.0  7.2  3.8 24  0.0                           
061926071115105507アストロローグ　　　　　　　　　　　  2.9  1.4 15.0 12.0  8.9 29 18.1                           
061926071214103191オールデン　　　　　　　　　　　　　  4.5  1.6 12.0 19.4 10.7 31  5.8  2                        
061926071313103908ウエスタンボルト　　　　　　　　　　 17.6  4.0  6.0  8.7  5.0 25 11.6                           
061926071415103013レイデマー　　　　　　　　　　　　　 15.1  3.5-10.4 38.7 11.1 31  7.7  1  250   44              
061926071515105319ノボベイビー　　　　　　　　　　　　  6.7  2.1  6.0 15.2  7.4 27 23.1                           
061926071615105609サトノユニゾン　　　　　　　　　　　 51.6 10.1-11.4-10.5 -7.3 13  0.0                           
061926080115101028キルロード　　　　　　　　　　　　　  2.8  1.4 15.0 27.3 14.5 35 18.1                           
061926080215101343レセディラローナ　　　　　　　　　　  8.1  2.4 18.9 15.9 11.5 32  0.0                           
061926080315104816ヴェルトゥアル　　　　　　　　　　　 11.5  2.9 -1.3 14.3  4.9 25 19.8                           
061926080414104972ハルカノテソーロ　　　　　　　　　　 23.9  5.2 -3.3  5.5  1.0 21  0.0                           
061926080515102464レアバード　　　　　　　　　　　　　 16.6  3.9 -0.8-15.4 -5.9 14  0.0                           
061926080615103592グログラン　　　　　　　　　　　　　 58.5 11.5-10.0-10.0 -6.7 13  0.0                           
061926080714105545ディスカバー　　　　　　　　　　　　  8.1  2.4  6.0  1.0  2.2 22  7.7                           
061926080815106260ロージズキング　　　　　　　　　　　  6.1  2.0 10.0 14.3  8.2 28  6.2                           
061926080915106504ゴールドムーン　　　　　　　　　　　 35.0  7.3-10.4 -8.0 -6.1 14  0.0                           
061926081015105430ホウオウサマンサ　　　　　　　　　　 52.3 10.6-11.4 -6.3 -5.7 14  0.0                           
061926081115100782サクラトップスター　　　　　　　　　 71.4 13.9-11.4-10.6 -7.3 13  0.0                           
061926081214109087ナスノカンザン　　　　　　　　　　　  5.4  1.9 12.6 17.2 10.1 30  8.2                           
061926081314104970ヴィーグリーズ　　　　　　　　　　　 66.2 12.9-11.4-19.6-10.6  9  0.0                           
061926081415104557プロトスター　　　　　　　　　　　　  7.4  2.3 12.7  9.7  7.4 27  6.7                           
061926090112103796フォワードカフェ　　　　　　　　　　 23.9  4.7-11.4-10.0 -7.1 23  0.0                           
061926090214105760フリージングレイン　　　　　　　　　  5.1  1.7 10.8 10.5  7.1 37 12.5                           
061926090314100208ウインイクシード　　　　　　　　　　  5.7  1.8  9.6 12.7  7.5 38 23.1                           
061926090414100733マイネルスフェーン　　　　　　　　　 29.0  5.6-11.4 -4.7 -5.1 25  0.0                           
061926090512103708サブライムカイザー　　　　　　　　　 13.2  2.9  9.8  8.2  5.9 36  0.0                           
061926090612106250コスモアルヘナ　　　　　　　　　　　 67.4 11.8-11.4 -4.7 -5.1 25  0.0                           
061926090714105476ショワドゥロワ　　　　　　　　　　　  8.2  2.3  6.8  7.4  4.8 35  0.0                           
061926090813102295ロードプレミアム　　　　　　　　　　 16.9  3.6  7.8  0.7  2.6 33  0.0                           
061926090914105802モクレレ　　　　　　　　　　　　　　  4.4  1.6 12.0 17.5 10.0 40  8.2                           
061926091014106522セガールモチンモク　　　　　　　　　 43.5  8.1-10.0-11.7 -7.3 23  0.0                           
061926091115103201イェッツト　　　　　　　　　　　　　  2.5  1.3 19.4 24.9 14.9 45 18.1                           
061926100115104185ロックディスタウン　　　　　　　　　 38.8  8.0 -4.1  2.2 -0.4 45  0.0                           
061926100212104737レアリスタ　　　　　　　　　　　　　 16.7  3.9 -7.7 -0.9 -2.6 42  0.0                           
061926100313106055アストラエンブレム　　　　　　　　　  4.5  1.7 13.0 25.3 13.2 58 14.0                           
061926100409105407シベリアンスパーブ　　　　　　　　　 96.1 18.3-11.4-13.2 -8.3 37  0.0                           
061926100513105969アドマイヤリアル　　　　　　　　　　 28.9  6.1-12.5-10.1 -7.5 38 10.1                           
061926100614101417ジョーストリクトリ　　　　　　　　　 32.2  6.8-12.5  8.8 -0.5 44  0.0  5                        
061926100712103429ゴールドサーベラス　　　　　　　　　 15.4  3.6 12.3 25.2 12.9 58  8.7                           
061926100813101392キョウワゼノビア　　　　　　　　　　 27.6  5.9-12.5-10.1 -7.5 38  0.0                           
061926100913105781テオドール　　　　　　　　　　　　　  7.6  2.3 12.1 14.4  8.9 54 23.1                           
061926101012104085ヴェネト　　　　　　　　　　　　　　 12.8  3.1 -6.0 -5.5 -3.8 41  0.0                           
061926101115105461カツジ　　　　　　　　　　　　　　　  3.1  1.5 25.1 16.7 13.7 59 12.8                           
061926101214102698キョウヘイ　　　　　　　　　　　　　 12.6  3.1 12.5  5.8  5.9 51  0.0                           
061926101314105589ダイワキャグニー　　　　　　　　　　  8.7  2.5  8.7 13.3  7.5 52  0.0                           
061926101412104164ミュゼエイリアン　　　　　　　　　　  7.1  2.2  9.1-12.1 -1.7 43  0.0                           
061926110116104894アイワナビリーヴ　　　　　　　　　　  3.4  1.5 17.4 14.5 10.5 56 12.8                           
061926110216105091マジックリアリズム　　　　　　　　　 13.1  3.2  6.4 14.8  7.3 52  0.0                           
061926110316103424サンタンデール　　　　　　　　　　　 48.9 10.0-11.4-11.0 -7.5 38  0.0                           
061926110416103306アゴベイ　　　　　　　　　　　　　　 14.1  3.4  7.3  8.4  5.3 50  0.0                           
061926110516104633ミディオーサ　　　　　　　　　　　　 15.2  3.6 10.0 10.6  6.9 52  0.0                           
061926110616105673トーセンリスト　　　　　　　　　　　 93.5 18.0 20.0-12.2  1.5 47  0.0                           
061926110716104929エンドーツダ　　　　　　　　　　　　 21.0  4.7 -5.9  7.9  1.1 46 12.3                           
061926110816100924アヴォンリー　　　　　　　　　　　　 50.5 10.3 -6.2 -7.5 -4.6 40  0.0                           
061926110916102289エレナレジーナ　　　　　　　　　　　 27.4  5.9 -3.6 10.7  2.8 48  0.0                           
061926111016104830ユナカイト　　　　　　　　　　　　　  6.1  2.0  8.8 10.4  6.5 51  0.0                           
061926111116105994スマイルスター　　　　　　　　　　　 36.6  7.6 -8.7 -1.8 -3.3 42 10.1                           
061926111216104486ルガールカルム　　　　　　　　　　　  4.1  1.6 15.0 21.7 12.5 57 14.0                           
061926111316104670レッドアステル　　　　　　　　　　　  5.6  1.9 12.7 10.4  7.6 53 12.5                           
061926111416100470オトナノジジョウ　　　　　　　　　　 43.3  8.9 -2.9-16.1 -6.8 38  0.0  0                        
061926111516102312ネリッサ　　　　　　　　　　　　　　 21.9  4.8-10.4 -2.2 -3.9 41  9.1  0                        
061926111616110045デンバーテソーロ　　　　　　　　　　 45.1  9.3 -9.2-12.0 -7.2 38  0.0                           
061926120113101259ローレルジャック　　　　　　　　　　 46.9  8.6 -8.4 -8.0 -5.5 25  0.0  5                        
061926120214105232グランティエラ　　　　　　　　　　　  7.4  2.1 14.7 39.2 18.8 49  0.0                           
061926120314102262ミスパイロ　　　　　　　　　　　　　  4.3  1.6 11.0 13.3  8.2 38 19.8                           
061926120414105136シゲルコング　　　　　　　　　　　　 28.9  5.5-10.0-12.0 -7.4 23  0.0                           
061926120515103181ウサギノダンス　　　　　　　　　　　 20.6  4.2-10.0-20.0-10.3 20  0.0                           
061926120615100416ライオンボス　　　　　　　　　　　　 32.6  6.2  5.5-13.2 -3.2 27  0.0                           
061926120715104010フィールザファラオ　　　　　　　　　 14.4  3.1 20.7 11.0 10.2 40  7.2                           
061926120814104731ブラックランナー　　　　　　　　　　  2.5  1.3 21.8 18.2 13.2 43 18.1                           
061926120913100590メンデンホール　　　　　　　　　　　 26.8  5.2-10.0-10.0 -6.7 23  0.0                           
061926121013104429ギンゴー　　　　　　　　　　　　　　108.5 18.5-13.4 -4.7 -5.7 24  0.0                           
061926121115104066ノーザンクリス　　　　　　　　　　　 17.5  3.7 -3.6 -5.0 -2.9 27  0.0                           
061926121213101394キセキノムスメ　　　　　　　　　　　 49.8  9.1-13.4-10.8 -8.0 22  0.0                           
061926121315102578カレイドスコープ　　　　　　　　　　 25.3  4.9-10.0  2.3 -2.2 28  9.6                           
061926121414106097パルティトゥーラ　　　　　　　　　　 22.4  4.5 -4.1  7.9  1.7 32  0.0                           
061926121512103628シルヴァーコード　　　　　　　　　　  9.1  2.4 20.0 23.5 14.6 45  0.0                           
061926121614104487トロピカルスパート　　　　　　　　　 18.0  3.8 -3.6 10.3  2.7 33 11.6                           
071922010116101359アマリリステソーロ　　　　　　　　　 34.2  6.6-10.5-15.0 -8.4 -3  0.0                           
071922010216104401アドマイヤジョイ　　　　　　　　　　  3.3  1.4 16.5 30.0 15.1 20 13.8                           
071922010316106478エイシンコロンビア　　　　　　　　　  4.1  1.5 13.2  9.0  7.5 13 16.3                           
071922010416103981ビービールース　　　　　　　　　　　 35.8  6.9-10.5-15.0 -8.4 -3  0.0                           
071922010516106314メイデンボヤージュ　　　　　　　　　 28.6  5.6-10.5 -3.1 -4.8  0  0.0                           
071922010616100908ベルキューズ　　　　　　　　　　　　  3.3  1.4 12.0 25.0 11.9 17 15.0                           
071922010716105250エターナルディーバ　　　　　　　　　  6.9  2.0 11.0 15.0  8.5 14 12.3                           
071922010816106438マリアルージュ　　　　　　　　　　　 17.9  3.8-10.0  7.5 -1.4  4  0.0                           
071922010916101909ネオファルコン　　　　　　　　　　　 49.3  9.2-10.0-12.5 -7.4 -2  0.0                           
071922011016105015ヒダワールド　　　　　　　　　　　　 11.1  2.6-11.0 30.0  5.0 10  0.0                           
071922011116100312ベターハーフ　　　　　　　　　　　　  9.1  2.5  6.0  7.5  4.4  9  0.0                           
071922020116100178ゴールドヒューズ　　　　　　　　　　 42.6  7.3-10.0-12.5 -7.4 -2  0.0                           
071922020216103553テイエムアラタカ　　　　　　　　　　 38.3  6.7-10.0-12.5 -7.4 -2  0.0                           
071922020316100162テイエムロケット　　　　　　　　　　 32.1  5.7  6.0  7.5  4.4  9  0.0                           
071922020416101622ダイユウブライアン　　　　　　　　　 78.8 12.7-10.0-12.5 -7.4 -2  0.0                           
071922020516102996フランシス　　　　　　　　　　　　　  2.8  1.2 20.0 18.8 13.0 18 13.8                           
071922020616102379ウォーターマゼラン　　　　　　　　　  3.0  1.2 14.4 30.0 14.3 19 15.0                           
071922020716103788ダイメイサツキ　　　　　　　　　　　  3.5  1.3 18.0 28.3 15.1 20 16.3  1  365   28              
071922020816106447ユニバーサリティ　　　　　　　　　　 29.3  5.3-10.0  7.5 -1.4  4  0.0                           
071922020916103880ペイシャアリ　　　　　　　　　　　　 56.9  9.3-10.0 12.5  0.1  5  0.0                           
071922021016100170アイファーアクター　　　　　　　　　 47.9  8.2-12.0-15.0 -8.9 -4  0.0                           
071922021116102561フェアースカイ　　　　　　　　　　　112.3 17.8-10.0-12.5 -7.4 -2  0.0                           
071922021216101029ディグヘヴン　　　　　　　　　　　　117.9 18.7-10.0-12.5 -7.4 -2  0.0                           
071922021316102974フクノモンルージュ　　　　　　　　　 59.1  9.7-10.0-12.5 -7.4 -2  0.0                           
071922021416106078ペイシャカノープス　　　　　　　　　  8.2  2.1 10.0 15.0  8.2 13 12.3                           
071922021516100803シュンラン　　　　　　　　　　　　　 19.8  3.8  6.0-12.5 -1.5  3  0.0                           
071922021616106437ハクシンドリーム　　　　　　　　　　 63.6 10.4-10.0-12.5 -7.4 -2  0.0                           
071922030116105782ニホンピロハビアー　　　　　　　　　  3.4  1.5 18.3 30.0 15.7 21 13.8                           
071922030216100427ニシノオウキ　　　　　　　　　　　　 45.4  8.8-10.0-12.5 -7.4 -2  0.0                           
071922030316102663ハギノアトラス　　　　　　　　　　　  3.4  1.5  7.2  6.9  4.7 10 15.0                           
071922030416105671シゲルヒスイ　　　　　　　　　　　　 11.6  2.8  6.0 15.0  6.7 12 13.1                           
071922030516101275ニシノコントラバス　　　　　　　　　 18.7  4.1-10.5-15.0 -8.4 -3  0.0                           
071922030616103067トゥプエデス　　　　　　　　　　　　  7.0  2.1 10.5  9.0  6.6 12  0.0                           
071922030716106358リンガスビャクヤ　　　　　　　　　　 26.5  5.4  6.0-12.5 -1.5  3  0.0                           
071922030816105069スペースクラフト　　　　　　　　　　  5.5  1.8      13.7  4.1  9 16.3  4                        
071922030916102720ブラックハーデス　　　　　　　　　　 14.6  3.3-10.5-15.0 -8.4 -3  0.0                           
071922031016105320カフジロッソ　　　　　　　　　　　　 23.8  4.9-12.0-18.9-10.1 -5  0.0  0                        
071922031116104260ストロングガルム　　　　　　　　　　 20.4  4.4-10.0  7.5 -1.4  4  0.0                           
071922031216105949リュウノイブキ　　　　　　　　　　　 33.8  6.7-11.0-12.5 -7.8 -3  0.0                           
071922031316106535オオゾラ　　　　　　　　　　　　　　 19.9  4.3-10.0-12.5 -7.4 -2  0.0                           
071922040116104274トラピッチェ　　　　　　　　　　　　  4.2  1.5 16.5 22.4 12.8 18 15.0                           
071922040216104960ルクリリ　　　　　　　　　　　　　　 21.1  4.2  6.0 12.5  5.9 11  0.0                           
071922040316104905サバイバルクイーン　　　　　　　　　143.2 23.4-10.0-12.5 -7.4 -2  0.0                           
071922040416103724シュジンコウ　　　　　　　　　　　　 45.8  8.1-12.0 -3.5 -5.4  0  0.0                           
071922040516101926キンジトー　　　　　　　　　　　　　 33.5  6.1  6.0  7.5  4.4  9  0.0                           
071922040616104356クロランサス　　　　　　　　　　　　 14.4  3.1-12.0  7.6 -2.1  3  0.0  5                        
071922040716100942ショウナンハルラ　　　　　　　　　　 36.5  6.6-10.0  7.5 -1.4  4  0.0                           
071922040816102154クロティルド　　　　　　　　　　　　 18.1  3.7-10.5  9.0 -1.1  4  0.0                           
071922040916106541ゴールデンゾーン　　　　　　　　　　  4.7  1.5 10.0 25.0 11.2 16 16.3                           
071922041016102814ディザイアソング　　　　　　　　　　 26.0  4.9-10.0-12.5 -7.4 -2  0.0                           
071922041116101156ロードゼウス　　　　　　　　　　　　  2.4  1.2 21.0 22.5 14.4 19 13.8                           
071922041216110026スティーン　　　　　　　　　　　　　  9.5  2.4 10.5 30.0 12.9 18 12.3                           
071922041316104958レッドルーナ　　　　　　　　　　　　 66.8 11.3-10.0-12.5 -7.4 -2  0.0                           
071922041416102440ホッコールナアーラ　　　　　　　　　 39.8  7.2-10.0-12.5 -7.4 -2  0.0                           
071922041516101756オルエン　　　　　　　　　　　　　　 95.7 15.8-10.0-12.5 -7.4 -2  0.0                           
071922041616103330サブゼロ　　　　　　　　　　　　　　 34.4  6.3-10.5-15.0 -8.4 -3  0.0                           
071922050116104701ロッカーモーション　　　　　　　　　 20.8  4.7-10.5-15.0 -8.4 -3  0.0                           
071922050216101543ウラカワノオト　　　　　　　　　　　 22.9  5.0  6.6 -3.0  1.5  7  0.0  0                        
071922050316103926テイケイリヴェール　　　　　　　　　 35.0  7.3-10.5-15.0 -8.4 -3  0.0                           
071922050416104907バラックパリンカ　　　　　　　　　　  4.0  1.6 12.0 15.0  8.9 14 15.0                           
071922050516100485キーシグナル　　　　　　　　　　　　 19.0  4.3 14.4  9.0  8.0 13  0.0                           
071922050616104281テメノス　　　　　　　　　　　　　　  4.3  1.6 15.8 22.5 12.5 18 16.3                           
071922050716106456アースドラゴン　　　　　　　　　　　 25.6  5.5  6.0  7.5  4.4  9  0.0                           
071922050816103574ハードエイム　　　　　　　　　　　　 49.6 10.1-10.0  7.5 -1.4  4  0.0                           
071922050916105990カラスミヤビ　　　　　　　　　　　　 72.3 14.1-10.5-15.0 -8.4 -3  0.0                           
071922051016104343エールディヴァン　　　　　　　　　　  5.7  1.9 12.0 20.0 10.4 15 12.3  4                        
071922051116102376アスカナターシャ　　　　　　　　　　 27.7  5.9-12.0 -3.5 -5.4  0  0.0                           
071922051216110102ファイナルドリーム　　　　　　　　　 15.5  3.7-10.5-15.0 -8.4 -3  0.0                           
071922051316104724アドマイヤビーナス　　　　　　　　　 17.3  4.0-10.5 -7.3 -6.0 -1  0.0                           
071922051416103524トランスポーター　　　　　　　　　　  3.4  1.5 20.0 18.8 13.0 18 13.8                           
071922060115105429ミラビリア　　　　　　　　　　　　　 43.5  8.0-10.0-12.5 -7.4 13  0.0                           
071922060215103580ファステンバーグ　　　　　　　　　　 31.8  6.0-12.0-15.0 -8.9 11  0.0                           
071922060315104870ネイビーアッシュ　　　　　　　　　　  3.5  1.5 15.0 25.0 13.0 33 15.0                           
071922060413105882チカリータ　　　　　　　　　　　　　  2.8  1.4 18.0 29.2 15.4 35 13.8  2                        
071922060515101576ハウリング　　　　　　　　　　　　　  7.4  2.1  7.2 25.8 10.4 30 16.3  1  141   64              
071922060615106201ジョーダンヒロイン　　　　　　　　　 29.9  5.7-10.0-12.5 -7.4 13  0.0                           
071922060715101251ハタノレジーナ　　　　　　　　　　　139.6 23.5-10.0-12.5 -7.4 13  0.0                           
071922060814105420アクアリオ　　　　　　　　　　　　　 44.8  8.2-10.0-12.5 -7.4 13  0.0                           
071922060914102976メイショウアテン　　　　　　　　　　 83.0 14.2-10.0-12.5 -7.4 13  0.0                           
071922061014103957ロードナカヤマ　　　　　　　　　　　 72.5 12.5-10.0-12.5 -7.4 13  0.0                           
071922061114102247ジョワイユ　　　　　　　　　　　　　  8.8  2.3 10.0 18.8  9.3 29  0.0                           
071922061215102694テーオーパートナー　　　　　　　　　 13.0  2.9 24.0 14.2 13.1 33  0.0                           
071922061314101929ワンパーパス　　　　　　　　　　　　 33.3  6.3-10.5-13.7 -8.0 12  0.0                           
071922061415104919ハッピーオーキッド　　　　　　　　　 25.1  4.9-10.5-15.0 -8.4 12  0.0                           
071922061514104051ミヤジヴィジェ　　　　　　　　　　　 17.0  3.6-12.0 15.7  0.3 20 14.9                           
071922061614106238カーネリアン　　　　　　　　　　　　  8.2  2.2  6.0  7.5  4.4 24  0.0                           
071922070113102729サマニー　　　　　　　　　　　　　　 21.9  4.6 10.0  7.5  5.9 26 21.3                           
071922070214104437ハニーゴールド　　　　　　　　　　　 23.4  4.9 -1.7  9.0  2.1 22  0.0                           
071922070313104793ホイールバーニング　　　　　　　　　  4.4  1.6  7.2 18.0  8.0 28 11.4                           
071922070412105510タイキラトナンジュ　　　　　　　　　 26.0  5.4  6.0 25.0  9.7 30  0.0                           
071922070515100869ライゴッド　　　　　　　　　　　　　 24.7  5.1-10.0-12.5 -7.4 13  0.0                           
071922070614102164アストロノーティカ　　　　　　　　　  3.4  1.4 18.0 30.0 15.6 36 13.8                           
071922070715100806ロンリーハート　　　　　　　　　　　 94.3 17.4-10.5-15.0 -8.4 12  0.0                           
071922070815100511タガノヒバナ　　　　　　　　　　　　 24.9  5.2-11.0-15.0 -8.5 11  0.0                           
071922070913103963ラタンドレス　　　　　　　　　　　　 40.6  8.1-12.0  9.0 -1.7 18  0.0                           
071922071014103036プリンセスヨウク　　　　　　　　　　 42.7  8.4-10.0  7.5 -1.4 19  0.0                           
071922071115106187メジェールスー　　　　　　　　　　　 13.7  3.2  1.6 10.4  3.7 24  0.0                           
071922071215102095クリノイダテン　　　　　　　　　　　 31.7  6.4-10.5-13.7 -8.0 12  0.0                           
071922071314104873アサケパワー　　　　　　　　　　　　 12.8  3.0  4.5-15.0 -2.8 17  0.0                           
071922071414101023エターナルフレイム　　　　　　　　　 39.6  7.9-10.0  7.5 -1.4 19  0.0                           
071922071515103393コラード　　　　　　　　　　　　　　 17.7  3.9-12.0-10.3 -7.5 13  0.0                           
071922071614105422ナリノメジャー　　　　　　　　　　　  3.5  1.4 15.0 25.2 13.1 33 15.0  3                        
071922080115102764ヴィーヴァバッカス　　　　　　　　　 35.4  5.7-12.0-15.0 -8.9 11  0.0                           
071922080214100583プエルタデルソル　　　　　　　　　　  8.9  2.1  7.2 18.0  8.0 28  0.0                           
071922080315103475エンパイアミライ　　　　　　　　　　  2.8  1.3 24.0 30.0 17.8 38 15.0                           
071922080412104696セレブレイトソング　　　　　　　　　 14.3  2.7 12.0  9.0  7.1 27  0.0                           
071922080515100833ランドヘルメース　　　　　　　　　　 31.6  5.2     -15.0 -4.5 16  0.0                           
071922080614103402ライデンバローズ　　　　　　　　　　  2.6  1.3 15.8 22.4 12.5 33 13.8                           
071922080713105693トウシンタイガー　　　　　　　　　　 37.4  6.0-12.0  9.0 -1.7 18  0.0                           
071922080814104240フラッグアドミラル　　　　　　　　　 32.5  5.3-10.0  7.5 -1.4 19  0.0                           
071922080913102530フッカツノノロシ　　　　　　　　　　 28.9  4.8-10.0-12.5 -7.4 13  0.0                           
071922081015106528ダイヤクリーガー　　　　　　　　　　 47.4  7.4-10.0  7.5 -1.4 19  0.0                           
071922081115101785ニシノベイオウルフ　　　　　　　　　 56.9  8.6-10.0-12.5 -7.4 13  0.0                           
071922081213104170ヨクエロマンボ　　　　　　　　　　　  8.0  2.0 10.0 25.0 11.2 31 16.3                           
071922081314101085ロードバリスタ　　　　　　　　　　　  8.4  2.0 12.6 -0.1  4.6 25 12.3                           
071922090115105953レジェンドソウル　　　　　　　　　　 20.7  4.8-10.0-12.5 -7.4 13  0.0                           
071922090215104381ピエナミント　　　　　　　　　　　　  7.8  2.4 22.0 15.0 12.6 33 17.5                           
071922090314104251ラヴィソント　　　　　　　　　　　　 95.1 19.0-10.0-12.5 -7.4 13  0.0                           
071922090415102539ヴィーヴァマーレ　　　　　　　　　　 32.1  7.0 12.0 -6.7  2.4 22  0.0                           
071922090515105952プロディジー　　　　　　　　　　　　 80.5 16.2-12.0-15.0 -8.9 11  0.0                           
071922090615104818レッドシャーロット　　　　　　　　　 11.3  2.9 14.4-15.0  0.8 21  0.0                           
071922090715104950アプルーヴァル　　　　　　　　　　　  3.1  1.5 18.0 22.5 13.4 33 13.8                           
071922090814102743ベストティアーズ　　　　　　　　　　 19.5  4.6-10.0 25.0  3.8 24  0.0                           
071922090915101716マサノアッレーグラ　　　　　　　　　 20.4  4.8  6.0  7.5  4.4 24  0.0                           
071922091014104790グッドフェローズ　　　　　　　　　　 40.6  8.7-10.0-12.5 -7.4 13  0.0                           
071922091115101364カーサデルシエロ　　　　　　　　　　  5.7  1.9 24.0  8.6 11.4 31 11.4  0                        
071922091214104247パストラル　　　　　　　　　　　　　 86.0 17.2-10.0-12.5 -7.4 13  0.0                           
071922091315103738モデレイト　　　　　　　　　　　　　 39.5  8.5-10.0  7.5 -1.4 19  0.0                           
071922091415104214ラインギャラント　　　　　　　　　　125.4 24.8-10.0-12.5 -7.4 13  0.0                           
071922091515104700ライレローズ　　　　　　　　　　　　  5.5  1.9  6.0 12.5  5.9 26 15.0                           
071922091614101663ナムラムラサキ　　　　　　　　　　　 75.1 15.1-10.0-12.5 -7.4 13  0.0                           
071922091715105041ハウナニ　　　　　　　　　　　　　　 12.5  3.2 12.0 15.0  8.9 29  0.0                           
071922091813105666ピュアコンチェルト　　　　　　　　　 12.6  3.2 -1.7  9.0  2.1 22  0.0                           
071922100116110013デュープロセス　　　　　　　　　　　  5.7  1.9  7.2  6.1  4.5 49 16.3                           
071922100216102668イメル　　　　　　　　　　　　　　　 10.6  2.8 24.0-13.9  4.6 50  0.0  0                        
071922100316101333シャドウハンター　　　　　　　　　　 18.6  4.4 -1.7-14.9 -5.1 40  0.0                           
071922100416100546ケイアイターコイズ　　　　　　　　　  3.1  1.5 21.0 11.3 11.1 56 13.8                           
071922100516101943ショウナンガナドル　　　　　　　　　 39.0  8.3-10.0-12.5 -7.4 38  0.0                           
071922100616110106ロンドンテソーロ　　　　　　　　　　 21.9  4.9-10.0  7.5 -1.4 44  0.0                           
071922100716110139モンペルデュ　　　　　　　　　　　　  5.3  1.9 14.4 15.1  9.8 55 15.0  3                        
071922100816106425アールロッソ　　　　　　　　　　　　 26.8  5.9-12.0-15.0 -8.9 36  0.0                           
071922100916105885ニューモニュメント　　　　　　　　　 20.5  4.7  2.0 -5.0 -0.8 44  0.0  0                        
071922101016110079アスターペガサス　　　　　　　　　　  8.4  2.5-12.0  6.8 -2.4 43  0.0                           
071922101116110085タイミングナウ　　　　　　　　　　　  7.6  2.4-12.0  5.5 -2.8 42 12.3                           
071922101216102605ヴァニラアイス　　　　　　　　　　　 11.9  3.0 18.0 22.5 13.4 58  0.0                           
071922101316102633ブルベアイリーデ　　　　　　　　　　 43.0  9.1  7.2  9.0  5.3 50  0.0                           
071922110115102367ダノンプレミアム　　　　　　　　　　  6.3  2.1  9.6 18.0  8.9 64 18.8                           
071922110211106394ショウナンバッハ　　　　　　　　　　 31.4  7.2-11.0-18.5 -9.6 45  0.0  0                        
071922110315101376サトノワルキューレ　　　　　　　　　 34.1  7.7-12.0-13.1 -8.3 47  0.0                           
071922110411105898スズカデヴィアス　　　　　　　　　　 31.4  7.2-12.0-16.3 -9.3 46  0.0  0                        
071922110515110047タニノフランケル　　　　　　　　　　 21.5  5.1-12.0  7.9 -2.0 53  0.0                           
071922110614105258ペルシアンナイト　　　　　　　　　　  6.2  2.1 -1.7-13.2 -4.6 50 12.3                           
071922110715104317ギベオン　　　　　　　　　　　　　　 15.8  4.0-10.5 10.4 -0.7 54  0.0  5                        
071922110814105427エアウィンザー　　　　　　　　　　　  3.6  1.6 21.0 26.3 15.6 71 13.8                           
071922110914106081ムイトオブリガード　　　　　　　　　 16.1  4.1 -2.5-15.0 -5.4 50  0.0                           
071922111014106046アルアイン　　　　　　　　　　　　　  5.3  1.9 12.0  7.9  6.8 62  0.0                           
071922111114106220リスグラシュー　　　　　　　　　　　  5.9  2.1 18.0 29.1 15.3 70 16.3  2                        
071922111214102565モズカッチャン　　　　　　　　　　　 12.2  3.2 24.0  6.1 10.6 66  0.0                           
071922111313105785メートルダール　　　　　　　　　　　 17.4  4.3-10.0  7.5 -1.4 54  0.0                           
071922120115105276シセイヒテン　　　　　　　　　　　　 11.5  3.0  6.0  7.5  4.4 34  0.0                           
071922120215104720レッドレグナント　　　　　　　　　　 36.2  7.8-10.0-12.5 -7.4 23  0.0                           
071922120315104131ケワロス　　　　　　　　　　　　　　 34.5  7.5-12.0-13.8 -8.5 21  0.0  0                        
071922120414102667シンボリバーグ　　　　　　　　　　　  8.1  2.5 12.0 16.1  9.2 39  0.0  4                        
071922120515104170デルニエオール　　　　　　　　　　　 22.8  5.2-10.5 -7.5 -6.1 24  0.0                           
071922120614104831スイーズドリームス　　　　　　　　　  5.2  1.8 18.0 14.7 11.0 41 16.3                           
071922120710100155メイショウヤマホコ　　　　　　　　　127.7 25.3-11.0 -9.9 -7.0 23  0.0                           
071922120814102330メイショウモウコ　　　　　　　　　　 20.9  4.9 -1.7-15.0 -5.1 25  0.0                           
071922120915104387トロワゼトワル　　　　　　　　　　　  3.9  1.6 24.0  9.4 11.6 42 13.8                           
071922121015104331プリュス　　　　　　　　　　　　　　 13.8  3.4 14.4  7.6  7.6 38  0.0  5                        
071922121114105886キラービューティ　　　　　　　　　　 11.8  3.0-12.0  5.3 -2.8 27 14.0                           
071922121215101549ディアボレット　　　　　　　　　　　 52.4 11.0-12.0 -9.0 -7.1 23  0.0                           
071922121311105905スズカプリオール　　　　　　　　　　127.7 25.3-10.0-12.5 -7.4 23  0.0                           
071922121415102392シグナライズ　　　　　　　　　　　　 29.8  6.6-12.0 -3.5 -5.4 25  0.0  5                        
071922121514106472コパノピエール　　　　　　　　　　　 27.6  6.1  6.6 -4.8  1.0 31  0.0                           
071922121614102155チャレアーダ　　　　　　　　　　　　  4.0  1.6  7.2 15.0  7.1 37 15.0                           
071922121713100724ショウナンアヴィド　　　　　　　　　 47.7 10.1-12.0 -7.3 -6.6 23  0.0                           
091916010116104306バブリーダンス　　　　　　　　　　　 26.9  4.6 -8.1-13.7 -7.1 -2  0.0                           
091916010216100198トゥールナージュ　　　　　　　　　　  4.1  1.4 14.1 36.3 16.1 21 16.4                           
091916010316102092ジューンアイリス　　　　　　　　　　  9.0  2.2  9.6 13.4  7.5 13 11.0                           
091916010416102389デュアリティ　　　　　　　　　　　　 28.9  4.9 -9.7 -7.6 -5.8 -1  0.0                           
091916010516104283タイムハンドラー　　　　　　　　　　  8.3  2.1  8.3  7.7  5.4 10  7.2                           
091916010616102339クレスコマリン　　　　　　　　　　　 45.9  7.4-11.4-11.5 -7.6 -3  0.0                           
091916010716101171リップグロス　　　　　　　　　　　　 21.6  3.8 -5.6  6.4 -0.1  5  0.0                           
091916010816102145ユウチャージ　　　　　　　　　　　　 27.9  4.8-14.0-11.4 -8.6 -4 16.2                           
091916010916100525タガノハツコイ　　　　　　　　　　　  5.4  1.6 16.4 14.2 10.3 15 11.7                           
091916011016100290オトメザミッキー　　　　　　　　　　 39.4  6.5-10.9-10.2 -7.1 -2  0.0                           
091916011116104838ブロードハースト　　　　　　　　　　  2.1  1.2 19.2 19.4 12.9 18 18.0                           
091916011216103303マンハッタンソング　　　　　　　　　 44.7  7.2-11.4 -9.4 -7.0 -2  0.0                           
091916020116102857ショーギーニ　　　　　　　　　　　　 24.2  4.2-10.9-11.6 -7.5 -2  0.0                           
091916020216100500カフジパール　　　　　　　　　　　　136.3 20.1-10.9-12.4 -7.7 -3  0.0                           
091916020316100615シーシャープ　　　　　　　　　　　　  2.4  1.2 18.0 17.4 11.8 17  8.1                           
091916020416103711モズクロス　　　　　　　　　　　　　 64.4  9.8-14.0-13.8 -9.3 -4  0.0                           
091916020516103753グレートリープ　　　　　　　　　　　 33.6  5.6 -9.7 -4.2 -4.8  0  0.0                           
091916020616106334ウチュウセンカン　　　　　　　　　　 46.2  7.4-15.0 -7.0 -7.6 -3 15.4                           
091916020716101623キシュウブライト　　　　　　　　　　 50.3  8.0-10.9-10.4 -7.1 -2 13.9                           
091916020816100121ハートリンク　　　　　　　　　　　　 88.9 13.3 -9.7-10.5 -6.7 -2  0.0                           
091916020916101591メイショウハヤナリ　　　　　　　　　 12.2  2.5  7.9 17.7  8.2 13 12.6                           
091916021016101035トモジャファイブ　　　　　　　　　　 29.5  5.0  5.8  3.6  3.2  8  0.0                           
091916021116100780ヘニーオーザ　　　　　　　　　　　　  4.9  1.5 13.1 29.7 13.7 19 18.4  1  135   59              
091916021216105973テイエムブランコ　　　　　　　　　　 17.6  3.3 -0.9  5.6  1.4  6  0.0                           
091916021316100954ブルベアボルド　　　　　　　　　　　 30.7  5.2 -5.6 -0.1 -2.1  3  0.0                           
091916021416101936モズカプリッチョ　　　　　　　　　　  3.1  1.3 20.2  3.5  8.5 13 19.6                           
091916021516101832メイショウワキザシ　　　　　　　　　 17.4  3.3 -5.0 15.8  2.9  8  0.0                           
091916030116101760アスターブリザード　　　　　　　　　 19.0  3.2  1.1 11.5  3.9  9 11.8                           
091916030216110040ショウナンダニエル　　　　　　　　　 23.5  3.7  2.9  6.4  3.0  8 15.3                           
091916030316104339レイズアフラッグ　　　　　　　　　　 12.7  2.4  1.1  7.7  2.7  8  0.0                           
091916030416100311シイチ　　　　　　　　　　　　　　　 30.0  4.6 -5.7-11.4 -5.5 -1  0.0                           
091916030516103573ゴルトグランツ　　　　　　　　　　　 48.7  7.1-10.9-13.7 -8.1 -3  0.0                           
091916030616106162ナムラオニヘイ　　　　　　　　　　　 11.1  2.2 10.7 14.2  8.2 13  7.2                           
091916030716110127ベイズンストリート　　　　　　　　　  2.0  1.2 18.0 17.8 11.9 17 15.0                           
091916030816106308テイエムファイター　　　　　　　　　 30.3  4.6-10.9-18.1 -9.4 -4  0.0                           
091916030916104716グリッサード　　　　　　　　　　　　  3.5  1.3 20.2 12.7 11.2 16 19.6                           
091916031016101315ブルベアカーキ　　　　　　　　　　　 32.3  4.9 -4.1-12.4 -5.2  0  0.0                           
091916031116102168テーオーダンケルク　　　　　　　　　  6.0  1.6 11.1  9.0  6.8 12 11.7                           
091916040116104198アレス　　　　　　　　　　　　　　　 14.7  2.9  1.2 19.0  6.1 11  0.0                           
091916040216101283ジョーミラー　　　　　　　　　　　　 53.2  8.5-10.9-14.5 -8.3 -3  0.0  0                        
091916040316102003ライズ　　　　　　　　　　　　　　　  7.0  1.8  5.4 10.4  5.1 10  0.0                           
091916040416100136タナロア　　　　　　　　　　　　　　  3.6  1.4 16.8 16.0 11.0 16 16.4                           
091916040516104410マイエンフェルト　　　　　　　　　　 11.0  2.3 13.2  9.1  7.6 13  7.2                           
091916040616104066スズカクローカス　　　　　　　　　　 44.8  7.3-11.4  3.7 -3.1  2  0.0                           
091916040716102528マテラサンオウ　　　　　　　　　　　 41.1  6.7 -5.6  8.5  0.5  5  0.0                           
091916040816100097エクレアスピード　　　　　　　　　　  2.2  1.2 17.0 18.8 11.9 17 18.0                           
091916040916104997ピエナアイリス　　　　　　　　　　　 21.1  3.8  6.5  9.3  5.2 10 16.2  5                        
091916041016110089デルマカトリーナ　　　　　　　　　　 40.3  6.6-10.9 -7.1 -6.1 -1  0.0                           
091916041116106225パラーティウム　　　　　　　　　　　 18.6  3.5 -4.7-10.9 -5.0  0 11.8                           
091916041216102347メイショウトーチ　　　　　　　　　　 20.1  3.7 -5.6  8.9  0.6  6  0.0                           
091916041316103230タマモリボン　　　　　　　　　　　　 56.2  8.7-10.9 -7.6 -6.3 -1  0.0                           
091916041416105175タイセイミストラル　　　　　　　　　 79.9 12.1-10.9-10.7 -7.2 -2  0.0                           
091916041516103270ナツバ　　　　　　　　　　　　　　　 48.0  7.7-10.9 -1.6 -4.5  1 19.8                           
091916041616100416クリノエメラルド　　　　　　　　　　 55.7  8.6-10.9 -0.4 -4.1  1  0.0                           
091916050116100084ディオーネプリンス　　　　　　　　　 30.5  4.8 -5.6  9.1  0.7  6  0.0                           
091916050216101794クライストチャーチ　　　　　　　　　 37.6  5.7-11.4-12.3 -7.9 -3  0.0                           
091916050316100618ヘレナ　　　　　　　　　　　　　　　 31.1  4.8 -5.6  7.0  0.0  5  0.0                           
091916050416104483サトノサイベリー　　　　　　　　　　 35.7  5.5 -8.5  1.7 -2.6  2  0.0                           
091916050516104668カリボール　　　　　　　　　　　　　  4.1  1.3 15.3 13.2  9.6 15 17.8                           
091916050616106114リッカローズ　　　　　　　　　　　　 15.4  2.8 -4.2  6.7  0.5  5 12.6                           
091916050716100166ゴールドベイン　　　　　　　　　　　 40.6  6.1 -9.7-10.5 -6.7 -2  0.0                           
091916050816104675レーヴドゥラメール　　　　　　　　　 22.0  3.6 -5.4  5.2 -0.4  5  0.0                           
091916050916104637オーロトラジェ　　　　　　　　　　　  1.9  1.2 21.0 23.4 14.7 20 18.0  4                        
091916051016104759ガラチコ　　　　　　　　　　　　　　  3.9  1.3 15.4 13.1  9.6 15 19.6                           
091916051116102827クリノアメリア　　　　　　　　　　　 35.7  5.5-10.9-10.2 -7.1 -2  0.0                           
091916051216100107ミヤビパーフェクト　　　　　　　　　 23.7  3.9  8.2  7.1  5.1 10  8.2                           
091916060116106381アスカノダイチ　　　　　　　　　　　  7.5  1.9  2.4 15.3  5.5 25 22.9                           
091916060216110154エヴァキュアン　　　　　　　　　　　 13.1  2.6  2.9 10.2  4.1 24  0.0  4                        
091916060316103787ダイメイコスモス　　　　　　　　　　 16.8  3.1 -0.2-15.2 -4.6 15  0.0                           
091916060416101620メイショウモルサ　　　　　　　　　　  2.6  1.2 16.4 16.4 10.9 31 18.0  2                        
091916060516105926アヴァンティスト　　　　　　　　　　  2.8  1.2 19.2 20.7 13.3 33 16.4                           
091916060616102534イーサンパンサー　　　　　　　　　　  4.1  1.3 13.8 25.3 12.6 33  0.0                           
091916060716103115ヨハン　　　　　　　　　　　　　　　 13.7  2.7 -8.1  6.6 -1.0 19  8.2                           
091916060816102475ハクサンウェーブ　　　　　　　　　　 28.1  4.7 -4.1-18.1 -6.9 13 16.2                           
091916070116104435ミッキーブリランテ　　　　　　　　　  2.0  1.2 20.2 23.8 14.5 35 18.0                           
091916070216102777ナガレボシトリキシ　　　　　　　　　 35.9  5.9 -9.7-10.5 -6.7 13  0.0                           
091916070316101696エイシンオズ　　　　　　　　　　　　 13.8  2.7  1.5 -5.5 -1.1 19  0.0                           
091916070416104500ブレイブメジャー　　　　　　　　　　  7.2  1.9  5.8  2.9  3.0 23 20.5                           
091916070516100520タガノカルラ　　　　　　　　　　　　 25.4  4.4-11.4-10.9 -7.4 13  0.0                           
091916070616104691セグレドスペリオル　　　　　　　　　  4.2  1.4 13.3 19.2 10.6 31 17.0                           
091916070716104762プライドランド　　　　　　　　　　　  4.5  1.4 10.4 10.7  7.0 27 21.3                           
091916070816105211オースミカテドラル　　　　　　　　　  7.0  1.8 12.8 20.5 10.8 31  0.0                           
091916080113104237ネクストムーブ　　　　　　　　　　　  7.5  2.0  7.9 11.2  6.3 26 13.5                           
091916080215100222ウインフォルティス　　　　　　　　　 15.2  3.1 -5.6  6.0 -0.3 20  0.0                           
091916080314103561メイショウトコシエ　　　　　　　　　 39.0  6.7-14.0-10.7 -8.3 12  0.0                           
091916080415100611グラウベン　　　　　　　　　　　　　 26.2  4.8 -5.6-10.7 -5.3 15  0.0                           
091916080515101529パワーアッシュ　　　　　　　　　　　 23.3  4.3-11.4-17.7 -9.5 11  0.0  0                        
091916080612103076シップーコウライ　　　　　　　　　　  3.8  1.4 16.8 14.7 10.6 31 19.6                           
091916080715102604ワイルドシング　　　　　　　　　　　  4.9  1.5 12.4 18.1 10.0 30  9.6  3                        
091916080814109008ブルベアラクーン　　　　　　　　　　  2.4  1.2 18.0 22.9 13.5 33 18.0                           
091916080915103320クアトレフォイル　　　　　　　　　　  5.8  1.7 17.2 13.1 10.2 30 16.0                           
091916090114105356アドラメレク　　　　　　　　　　　　 11.6  2.4  1.2 12.1  4.1 34  0.0                           
091916090211103632ヴィッセン　　　　　　　　　　　　　 20.5  3.7 -9.3 -3.8 -4.6 25  0.0                           
091916090314104702プティットクルール　　　　　　　　　 32.0  5.4-10.9-11.8 -7.5 22  0.0                           
091916090414105125エーティーラッセン　　　　　　　　　  6.2  1.7 12.4 14.3  8.8 39 17.8                           
091916090513101445ウインガーネット　　　　　　　　　　 34.6  5.8 -8.7 -3.5 -4.2 26  0.0                           
091916090614105081プリンスオブペスカ　　　　　　　　　  8.1  2.0 12.5  8.0  7.0 37  0.0                           
091916090715104356シースプラッシュ　　　　　　　　　　 20.8  3.8 -5.9-10.9 -5.4 25 16.2                           
091916090813100677ピッツバーグ　　　　　　　　　　　　  8.9  2.2  8.3  9.4  5.9 36 11.0                           
091916090914105970アロマドゥルセ　　　　　　　　　　　  1.9  1.2 19.7 18.7 12.8 43 18.0                           
091916091014104329メイショウカミシマ　　　　　　　　　  4.9  1.5 14.8 14.1  9.7 40 17.0                           
091916100114100899ビッグアイランド　　　　　　　　　　  5.8  1.8 12.4 11.6  8.0 43  0.0                           
091916100212104346スマートボムシェル　　　　　　　　　 16.6  3.5  8.2  4.9  4.5 39  0.0                           
091916100312103851ベルウッドケルン　　　　　　　　　　 49.7  8.9 -9.7-10.5 -6.7 28  0.0                           
091916100412100591コンセギール　　　　　　　　　　　　 31.2  5.8-11.4-14.2 -8.4 27  0.0                           
091916100513104818ジョーダンキング　　　　　　　　　　  2.1  1.2 20.1 22.3 14.1 49 18.0                           
091916100611105107クールオープニング　　　　　　　　　 38.9  7.1 -5.6 -7.0 -4.2 31 19.8                           
091916100714103582メイショウマトイ　　　　　　　　　　 12.2  2.7  6.5  6.5  4.3 39 17.2                           
091916100813103232サンライズウィズ　　　　　　　　　　 70.9 12.1 -4.1 -5.0 -3.0 32  0.0                           
091916100913105942ソリティール　　　　　　　　　　　　 31.7  5.9 -5.9 -3.0 -3.1 32  0.0                           
091916101012100801テイエムジョウネツ　　　　　　　　　 29.0  5.5 -4.2-12.4 -5.3 30  0.0                           
091916101115103766クリノヒビキ　　　　　　　　　　　　 15.5  3.3 -5.6-11.5 -5.5 29  0.0                           
091916101214100521タガノグルナ　　　　　　　　　　　　  6.1  1.8 16.8 15.0 10.7 46  9.6                           
091916101315105131マイネルアンファン　　　　　　　　　  6.8  2.0  5.8  9.6  5.0 40 22.9                           
091916101413102819メイショウカマクラ　　　　　　　　　 33.4  6.2-10.9 -8.0 -6.4 29  0.0                           
091916110116106064ノーワン　　　　　　　　　　　　　　 23.9  5.0-10.9-11.8 -7.5 47  0.0                           
091916110216101340アスタールビー　　　　　　　　　　　 30.1  6.1-10.9 11.9 -0.4 55  0.0                           
091916110316101780キュールエミヤビ　　　　　　　　　　102.5 18.8-10.9 -5.8 -5.7 49  0.0                           
091916110416103111アズマヘリテージ　　　　　　　　　　 72.5 13.5-10.9-13.4 -8.0 47  0.0                           
091916110516104721アウィルアウェイ　　　　　　　　　　  3.6  1.5 14.1 21.3 11.6 67 19.6                           
091916110616105009プールヴィル　　　　　　　　　　　　  4.9  1.7  2.5  8.9  3.6 59 21.3  5                        
091916110716103495ラミエル　　　　　　　　　　　　　　 50.2  9.8-10.9-10.2 -7.1 48  0.0                           
091916110816103143エイティーンガール　　　　　　　　　 14.8  3.4  8.2 -4.1  1.8 57  0.0  0                        
091916110916102032メイショウケイメイ　　　　　　　　　 13.9  3.2  2.8 22.9  7.9 63  0.0                           
091916111016101285イベリス　　　　　　　　　　　　　　 15.8  3.6-10.9  6.4 -2.1 53  8.2                           
091916111116105502ホウオウカトリーヌ　　　　　　　　　 20.9  4.5 11.2 -3.0  3.2 58  0.0                           
091916111216104251キュールエサクラ　　　　　　　　　　  3.3  1.4 19.7 27.9 15.6 71  8.1  1  136   57              
091916111316102617ウィンターリリー　　　　　　　　　　 85.2 15.7-11.2 -4.4 -5.4 50  0.0                           
091916111416100321ウォーターエデン　　　　　　　　　　 68.4 12.7-11.4-10.9 -7.4 48  0.0                           
091916111516100794ジュランビル　　　　　　　　　　　　 19.6  4.3  0.2  4.7  1.5 56  0.0                           
091916111616105199ココフィーユ　　　　　　　　　　　　 32.8  6.6-10.0  0.7 -3.5 52  0.0                           
091916111716105230レッドアネモス　　　　　　　　　　　 17.0  3.8-11.4-11.2 -7.5 47  0.0                           
091916111816106424ラブミーファイン　　　　　　　　　　 53.0 10.3-10.9 -2.7 -4.8 50  0.0                           
091916120113100354ショウナンカイドウ　　　　　　　　　 98.8 18.1-10.9-10.7 -7.2 23  0.0                           
091916120213100708ノーモアゲーム　　　　　　　　　　　 37.6  7.5 -9.7 -2.0 -4.2 26  0.0                           
091916120311104419アンプラグド　　　　　　　　　　　　 39.7  7.9 -9.7-10.5 -6.7 23  0.0                           
091916120413104161ブライスガウ　　　　　　　　　　　　 26.8  5.5 -7.7  6.5 -0.9 29 10.7                           
091916120514101462スズカゴーディー　　　　　　　　　　  7.2  2.2  9.7  9.6  6.4 36 11.0                           
091916120613105495デピュティプライム　　　　　　　　　 99.0 18.1 -9.7-10.5 -6.7 23  0.0                           
091916120711101737ブロンズテーラー　　　　　　　　　　 29.4  6.0-11.0 10.9 -0.8 29  0.0                           
091916120814110089ヒップホップスワン　　　　　　　　　  5.7  1.8 12.4  1.9  5.1 35  9.6                           
091916120913104702サンキュー　　　　　　　　　　　　　 18.7  4.1  3.8  8.2  3.9 34  0.0                           
091916121015103374バーニングペスカ　　　　　　　　　　  2.6  1.3 20.2 17.6 12.7 43 18.0                           
091916121113103403マイネルラック　　　　　　　　　　　 32.0  6.5-10.9-12.8 -7.8 22  0.0                           
091916121213105511タイセイスペリオル　　　　　　　　　 68.2 12.7-10.9 -0.9 -4.3 26  0.0                           
091916121313102547クリノシャンボール　　　　　　　　　 30.4  6.2 -2.4  6.1  0.9 31  0.0                           
091916121414101770ゲキリン　　　　　　　　　　　　　　 51.3 10.0 -5.0-10.5 -5.0 25  0.0                           
091916121514103571メイショウアリソン　　　　　　　　　  5.8  1.9 11.5 15.8  9.0 39 19.8                           
091916121614102226デザートストーム　　　　　　　　　　  5.2  1.8  7.4 12.4  6.4 36 10.8                           
