0319120101낸2019040301110414150136122 16 15 27 62             
0319120102낸2019040310210414149134130 17 17 22 5232 416       
0319120103낸2019040311210446150130118 15 21 25 6622 410       
0319120104낸2019040311220935145128132 20 21 11 4211 3         
0319120105낸2019040300120914147134132 22 16 20 5821 810       
0319120106낸2019040301130244149130130 16 20 17 53             
0319120107낸2019040311220914144139127 22 12 18 38             
0319120108낸2019040311030215152136126 13 12 21 4623 3A3       
0319120109낸2019040301130214155138135 11 13 14 39             
0319120110낸2019040300130234150131126 18 22 24 67             
0319120111낸2019040311030245149132129 15 16 16 442  3A3       
0319120112낸2019040300130214144134132 25 16 20 5911 3A3       
0319120113낸2019040301130214146132133 20 19 16 53             
0319120114낸2019040301110414149133122 17 14 27 6223 416       
0319120115낸2019040310220914138131134 28 24 18 59             
0319120201낸2019040300121014154136130 15 14 22 542  3         
0319120202낸2019040311210436151132126 14 17 17 4923 605       
0319120203낸2019040311230216149133129 17 17 16 5113 3         
0319120204낸2019040310710435143126131 21 23 15 5721 3A3       
0319120205낸2019040310220945150132134 15 19 16 4822 405       
0319120206낸2019040300120914153136128 16 14 24 5722 3A3       
0319120207낸2019040300130234151136134 17 17 16 50             
0319120208낸2019040301130234144130128 21 16 19 5513 3A3       
0319120209낸2019040310230244144130127 21 24 23 6223 3A3       
0319120210낸2019040300120914144133134 25 17 18 57             
0319120211낸2019040301110434146148141 19  2  6 22             
0319120212낸2019040301110414161134130  5 17 19 47             
0319120213낸2019040310230214142130125 24 25 27 7123 3A3       
0319120214낸2019040310210455148131128 17 23 22 62             
0319120215낸2019040300130234147138135 21 11 15 4523 3A3       
0319120216낸2019040300130214148134126 21 16 26 6612 3A3       
0319120301낸2019040310220944147126129 18 25 21 5923 405       
0319120302낸2019040310210414152132136 14 20 16 4533 405       
0319120303낸2019040300110414138132135 31 18 17 6032 3A3       
0319120304낸2019040301110414149132132 17 19 17 53             
0319120305낸2019040310230213140140136 26 15 16 44             
0319120306낸2019040301110414144136127 22 11 22 5511 405       
0319120307낸2019040310230215151132132 15 21 20 5623 3A3       
0319120308낸2019040310730245148138128 16 11 18 4623 4A3       
0319120309낸2019040301110434159140128  6  6 19 3623 3         
0319120310낸2019040310230244143127133 22 27 17 5823 3A3       
0319120311낸2019040301110434152140127 13  5 20 4111 305       
0319120312낸2019040310210415148128132 18 26 20 6211 505       
0319120313낸2019040310230214144134127 22 21 25 62             
0319120314낸2019040310230215154139131 12 15 21 49             
0319120315낸2019040311210446151129129 14 20 14 4911 405       
0319120401낸2019040311220936142129123 23 22 20 64             
0319120402낸2019040311230236153138127 12 11 16 42             
0319120403낸2019040301130234165141129  0  9 18 34             
0319120404낸2019040310230214137122126 29 29 26 76             
0319120405낸2019040300120914146134133 23 16 19 5623 410       
0319120406낸2019040300130234146126136 22 23 14 5611 3A3       
0319120407낸2019040310230235144130132 21 24 18 59             
0319120408낸2019040310220915144142127 22 10 25 56             
0319120409낸2019040311830234145124128 25 19 14 53             
0319120410낸2019040311830231      123       18                
0319120411낸2019040310230235152144128 13 10 22 4623 616       
0319120412낸2019040310730235144138142 20 12  4 31             
0319120413낸2019040310730235138126139 26 24  7 50             
0319120414낸2019040311230235142136126 23 12 17 43             
0319120501낸2019040311210435145128133 20 21 10 4032 3A3       
0319120502낸2019040301110414142132125 24 15 24 6311 3A3       
0319120503낸2019040311010435138122123 26 24 22 6711 3A3       
0319120504낸2019040310220945150130133 15 20 17 5112 605       
0319120505낸2019040301110414148130129 18 21 20 60             
0319120506낸2019040311010415140120131 25 28 16 62             
0319120507낸2019040300130224141134136 28 16 16 55             
0319120508낸2019040311230236161130118  4 20 25 58             
0319120509낸2019040301130214157134133  9 17 16 45             
0319120510낸2019040311010415143130124 22 18 23 6021 3A3       
0319120511낸2019040310230214140139128 26 13 24 5623 305       
0319120512낸2019040310220935148137131 17 17 19 5212 3A3       
0319120513낸2019040301110414149138125 17 13 24 57             
0319120514낸2019040310230214151138136 15 16 16 41             
0319120515낸2019040300130214155138126 14 12 26 5721           
0319120516낸2019040311230215149135124 17 16 21 4923 3A3       
0319120601뒞2019040401110434144127135 21 23 11 51             
0319120602낸2019040300130214144133136 25 18 16 56             
0319120603낸2019040300120954149138131 19 11 19 4923 405       
0319120604낸2019040300120914153130129 16 20 23 6223 3A3       
0319120605낸2019040300120914158131127 11 23 25 65             
0319120606낸2019040301110414153141126 13 10 23 50             
0319120607낸2019040301110444139134128 26 16 19 58             
0319120608낸2019040300120914148132132 21 18 20 5923 405       
0319120609낸2019040310210415142130130 24 24 22 67             
0319120610낸2019040310230215145132137 21 23 15 55             
0319120611낸2019040301110414149136131 17 15 18 50             
0319120612낸2019040311430214153134124 12 13 15 41             
0319120613낸2019040310230214142128123 24 27 29 76             
0319120614낸2019040310230244150135131 15 17 19 4623 3A3       
0319120615뒞2019040401120914151138125 15  8 23 493  305       
0319120616낸2019040301130214150135130 16 16 19 52             
0319120701뒞2019040410210435138124129 25 25 19 6321 3A3       
0319120702낸2019040310730215146128136 19 23 12 51             
0319120703낸2019040310710435144128128 20 20 18 58             
0319120704낸2019040311210416145127132 21 23 13 5531 410       
0319120705낸2019040310230216154124134 12 29 18 62             
0319120706낸2019040310220934137128127 28 24 23 67             
0319120707낸2019040310730215141125125 24 26 23 7312 405       
0319120708낸2019040310230215145130130 21 23 22 64             
0319120709낸2019040301120914147139132 19 12 17 47             
0319120710낸2019040301110414142131129 24 15 20 5831 3         
0319120711낸2019040301130214157140131  9 11 18 42             
0319120712낸2019040310230215149130132 17 25 20 61             
0319120713낸2019040311230246154132122 11 19 21 5621 305       
0319120714낸2019040310210414138120129 28 31 23 73             
0319120715낸2019040311211016145129127 21 23 18 6111 3A3       
0319120801낸2019040310230214139134128 27 21 24 64             
0319120802낸2019040310230215152133130 14 21 22 58             
0319120803낸2019040310230214138129125 28 22 27 71             
0319120804낸2019040310230236148136130 17 18 20 5723 416       
0319120805낸2019040311030215138130126 27 19 21 61             
0319120806낸2019040311030215146126124 19 21 23 6223 305       
0319120807낸2019040301120914152128123 14 18 26 6323 3A3       
0319120808낸2019040301121044147129123 18 21 24 65             
0319120809낸2019040311030215151134121 14 13 26 55             
0319120810낸2019040301130214144139130 22 12 19 52             
0319120811낸2019040310230225147140129 19 15 23 5623 405       
0319120812낸2019040311020935138122120 26 24 25 71             
0319120813뒞2019040411230215135128134 32 24 12 5211 3A3       
0319120814낸2019040310230245152131135 13 23 15 4923 305       
0319120815낸2019040310220915146128138 20 25 14 54             
0319120901낸2019040310230215140131134 26 23 18 61             
0319120902낸2019040300110414127127143 42 27  9 65             
0319120903낸2019040300120914143138132 26 16 20 60             
0319120904낸2019040300110444153138128 15 15 22 55             
0319120905낸2019040301130214161144137  5  7 12 27             
0319120906뒞2019040400130214146136129 22 18 22 62             
0319120907낸2019040310230216151125128 15 28 24 71             
0319120908낸2019040301130214146132128 20 15 21 5623 405       
0319120909낸2019040310730245138125129 26 25 17 6523 605       
0319120910낸2019040300110414138135132 31 19 20 66             
0319120911낸2019040300120914160138128  9 12 24 5222 3A3       
0319120912낸2019040301130214149123133 17 28 16 61             
0319120913낸2019040301121014145129123 21 22 26 71             
0319120914낸2019040310230214139136128 27 18 24 6123 3A3       
0319120915낸2019040310221015152128125 14 22 27 66             
0319120916낸2019040310730215148128135 17 23 13 5223 405       
0319121001뒞2019040401130214146138126 20 13 22 55             
0319121002낸2019040310220915151132134 15 20 18 52             
0319121003낸2019040300120914142128139 27 22 13 5633 4A3       
0319121004낸2019040301130244140130125 25 15 22 6121 3         
0319121005낸2019040310230215151142129 15 13 23 5223 405       
0319121006낸2019040311210416153126122 13 24 23 6411 305       
0319121007낸2019040301110414148132123 18 15 26 6223 3A3       
0319121008낸2019040310230214136130128 30 24 24 6923 305       
0319121009낸2019040300130214147134131 22 16 21 5923 3A3       
0319121010낸2019040300130214157140136 12 14 16 44             
0319121011낸2019040311220936143123129 22 28 14 61             
0319121012낸2019040310210414143126131 23 29 21 6511 605       
0319121013낸2019040311030245148134126 16 14 19 47             
0319121014낸2019040310720934142136134 22 14 12 44             
0319121015낸2019040310230214145129130 21 22 22 59             
0319121101낸2019040311620935146128116 18 13 21 5333 3A3       
0319121102낸2019040310230215146138133 20 17 19 54             
0319121103낸2019040310220915149134130 17 21 22 59             
0319121104낸2019040300110414145134129 24 16 23 6233 405       
0319121105낸2019040301121014145128130 21 23 19 62             
0319121106낸2019040310210415146140136 20 15 16 4731 3A3       
0319121107낸2019040301110414149136124 17 10 25 551  3A3       
0319121108낸2019040311220914146134117 20 17 28 5633 8OP       
0319121109낸2019040301110414145136132 21 15 17 51             
0319121110낸2019040301110414149132134 17 14 15 4531 410       
0319121111뒞2019040401120944137128126 28 18 20 6213 3A3       
0319121112뒞2019040401130234144128125 21 22 21 64             
0319121113낸2019040301121034144134121 21 16 26 65             
0319121114낸2019040300120914149138130 20 16 22 59             
0319121115낸2019040301110434146126125 19 19 22 6113 405       
0319121201낸2019040301130244147131130 18 19 17 54             
0319121202뒞2019040401110414142128129 24 23 19 64             
0319121203낸2019040301130214139129127 27 22 22 69             
0319121204낸2019040300120914147130134 22 24 18 63             
0319121205낸2019040310230214143136131 23 19 21 5611 3A3       
0319121206낸2019040310230225149124123 17 25 29 73             
0319121207낸2019040301110414146130128 20 21 21 62             
0319121208낸2019040301130234153150130 12  0 17 31             
0319121209낸2019040300130254142139135 26 14 15 51             
0319121210낸2019040310230215152136132 14 19 20 53             
0319121211낸2019040310230245151138131 14 15 19 47             
0319121212낸2019040310730255149135126 15 15 20 5213 3         
0319121213낸2019040300120934133122131 35 31 19 79             
0619360101낸2019040300120914145135130 24 19 22 65             
0619360102낸2019040300130214152136137 17 18 15 50             
0619360103낸2019040310710415152138127 13 12 21 5021 3A3       
0619360104낸2019040300110414141128137 28 26 15 64             
0619360105낸2019040311010415141127131 24 23 16 56             
0619360106낸2019040310230235152132130 13 22 20 5522 305       
0619360107낸2019040300110414149142123 20 12 29 65             
0619360108낸2019040300130234143131126 25 18 24 6622 305       
0619360109낸2019040300120914143136137 26 14 15 51             
0619360110낸2019040300130244153136130 15 13 20 5023 605       
0619360111낸2019040300120934140128127 28 21 23 7022 405       
0619360112낸2019040300130244155138128 13 11 22 50             
0619360113낸2019040310210414151132131 15 23 21 5521 3A3       
0619360114낸2019040310230215150130132 16 21 20 56             
0619360115낸2019040311020914145132126 20 15 21 49             
0619360116낸2019040310230214151127126 15 24 26 63             
0619360201낸2019040300110414155138126 14 12 26 5723 3         
0619360202낸2019040310220944137127130 28 26 20 6423 305       
0619360203낸2019040301121014144135136 22 16 13 47             
0619360204낸2019040310220914141132128 25 23 24 6522 3A3       
0619360205낸2019040310210415141144140 25 11 12 4011 3A3       
0619360206낸2019040311230216152136123 14 14 22 54             
0619360207낸2019040300110414145132135 24 18 17 57             
0619360208낸2019040300130214158133130 11 17 22 5423 3A3       
0619360209뒞2019040400130234158144127  9  9 22 45             
0619360210늧201904060A1 16 0                                  
0619360211낸2019040300130234155136126 13 13 24 5523 505       
0619360212낸2019040300130224149142134 20  8 18 4622 3         
0619360213낸2019040310230215148133133 18 22 19 5713 3A3       
0619360301낸2019040310210434147124139 18 29 11 49             
0619360302낸2019040311020915144122127 21 25 20 63             
0619360303낸2019040300120944146135134 22 15 16 51             
0619360304늧201904060A1 16 0                                  
0619360305낸2019040310730215141130138 24 20 10 4923 3A3       
0619360306낸2019040300110444152128125 16 21 25 6622 305       
0619360307낸2019040300120914150134128 19 16 24 6222 3A3       
0619360308낸2019040300130244148140132 20  9 18 47             
0619360309낸2019040310210444139136135 26 18 15 4833 4A3       
0619360310낸2019040300120914150131133 19 23 19 62             
0619360311낸2019040300130234155134126 13 15 24 5722 3         
0619360312낸2019040310220935144135133 21 19 17 5332 3         
0619360313낸2019040300130224147142126 22  8 26 5823 3A3       
0619360314낸2019040310230215151132136 15 23 16 5211 3         
0619360315낸2019040311010414130125125 35 22 22 66             
0619360316낸2019040310230215146131133 20 20 19 56             
0619360401낸2019040300130214143139134 26 11 18 5223 3A3       
0619360402낸2019040300120914151128131 18 22 21 6223 3A3       
0619360403낸2019040310220914139124132 27 30 20 68             
0619360404낸2019040310220914140137126 26 13 26 58             
0619360405낸2019040310230215144130131 22 22 21 6221 3A3       
0619360406낸2019040310210414160148143  6  3  9 13             
0619360407낸2019040310230215154145133 12  8 19 39             
0619360408낸2019040310230235148132133 17 20 17 5223 405       
0619360409낸2019040300130214142126134 27 28 18 70             
0619360410낸2019040310210415146132131 20 21 21 6023 3A3       
0619360411낸2019040310220935149134121 16 16 29 6313 3         
0619360412낸2019040300130254140132130 28 17 20 6222 3         
0619360413낸2019040310230234154128130 11 26 20 5422 5A3       
0619360414낸2019040310230245143127131 22 23 19 6122 405       
0619360415낸2019040310230215150147134 16  7 18 39             
0619360501낸2019040300120914148136134 21 18 18 56             
0619360502낸2019040300110414147140130 22 10 22 5532 3A3       
0619360503낸2019040311030215144132136 21 15 11 4023 3A3       
0619360504낸2019040310230235152138135 13 16 15 42             
0619360505낸2019040300120914149136126 20 14 26 6223 505       
0619360506뒞2019040400130214146141128 22 13 23 59             
0619360507낸2019040310230214156135132 10 19 20 4623 305       
0619360508낸2019040310230234143136131 22 18 19 52             
0619360509낸2019040310230214149132136 17 21 16 4723 9OP       
0619360510낸2019040310230215141122133 25 29 19 68             
0619360511낸2019040311030214148140124 17  9 23 44             
0619360512낸2019040310410446121118125 38 23 13 63             
0619360513늧201904060B1 16 0                                  
0619360514낸2019040310230235149132132 16 20 18 5223 505       
0619360515낸2019040300120914142128130 27 22 22 7023 3         
0619360516낸2019040310210415146140134 20 14 18 4911 410       
0619360601낸2019040300120914155130127 14 20 25 6321 3A3       
0619360602낸2019040310230214143129130 23 26 22 6422 3A3       
0619360603낸2019040300130234147132125 21 21 25 69             
0619360604낸2019040310230224136132128 30 23 24 6823 405       
0619360605낸2019040310230235144134132 21 20 18 55             
0619360606낸2019040310230214132134133 34 21 19 62             
0619360607낸2019040310230214152135132 14 20 20 5023 3         
0619360608낸2019040300130234139138132 29 11 18 5423 3         
0619360609낸2019040310220915146124127 20 27 25 7222 505       
0619360610낸2019040300130214147140129 22 14 23 60             
0619360611낸2019040300120914149134127 20 16 25 6421 3A3       
0619360612낸2019040311230244132130124 33 19 19 532  3A3       
0619360613낸2019040310210435146132133 19 22 17 5423 405       
0619360614낸2019040310220914142138127 24 17 25 6033 8OP       
0619360701낸2019040311010415146129125 19 18 22 56             
0619360702낸2019040310230234144132128 21 21 22 5812 716       
0619360703낸2019040300130214143138141 26 12 11 4423 305       
0619360704낸2019040300120914154140124 15 14 28 63             
0619360705낸2019040310720915143125127 22 25 21 6833 405       
0619360706낸2019040310230245149132126 16 20 24 61             
0619360707낸2019040300120914140129127 29 21 25 7422 3A3       
0619360708낸2019040310220914151138127 15 17 25 55             
0619360709낸2019040300130214157134132 12 16 20 5221 3A3       
0619360710낸2019040310220915148132134 18 21 18 5522 3A3       
0619360711낸2019040300120914148128128 21 26 24 73             
0619360712낸2019040310230214156126131 10 29 21 5811 3A3       
0619360713뒞2019040400120914134126145 34 28  6 57             
0619360714낸2019040300110414154133130 15 17 22 5733 3A3       
0619360715뒞2019040400130234157144154 10  9  0 15             
0619360716낸2019040310230214147128129 19 25 23 62             
0619360801낸2019040300120914159146129 10  4 23 4322 3OP       
0619360802낸2019040310220916148131131 18 23 21 6422 405       
0619360803낸2019040300120914139137133 30 17 19 62             
0619360804낸2019040310220914142134128 24 19 24 61             
0619360805낸2019040300130214149130128 20 24 24 70             
0619360806뒞2019040401130214179151131  0  0 17 24             
0619360807낸2019040300110414143132135 26 18 17 5832 3A3       
0619360808낸2019040310230215148128134 18 27 18 6011 3A3       
0619360809낸2019040311030235150126123 14 21 22 572  3A3       
0619360810늧201904060A1 16 0                                  
0619360811낸2019040300130214142134131 27 16 21 6223 510       
0619360901낸2019040300120914144138131 25 12 21 5711 3A3       
0619360902낸2019040311010415143130139 22 18  8 3932 305       
0619360903낸2019040310220916149134137 17 19 15 5133 305       
0619360904낸2019040301110414147130127 19 16 22 5823 4A3       
0619360905낸2019040311020935142128122 22 18 23 60             
0619360906낸2019040310220934144132126 21 22 24 6223 410       
0619360907낸2019040311030215146128124 19 20 23 6023 405       
0619360908낸2019040310230244142135133 23 18 17 4923 3A3       
0619360909낸2019040310210415134120133 32 31 19 7431 405       
0619360910낸2019040300130214144138141 25 12 11 4223 405       
0619361001낸2019040311720916145130123 18 17 17 52             
0619361002낸2019040310430235144134126 15  7 12 2923 405       
0619361003낸2019040310230234146128126 19 23 24 6223 3A3       
0619361004낸2019040311030215130135120 35 12 27 68             
0619361005뒞2019040400110414144126128 24 28 23 75             
0619361006낸2019040300130214141128130 28 22 22 6921 3A3       
0619361007낸2019040310220915146133131 20 19 21 58             
0619361008낸2019040300110414141132133 28 22 19 66             
0619361009낸2019040310221015154136131 12 18 21 5233 405       
0619361010낸2019040310211014154140125 12 10 27 48             
0619361011낸2019040310720935141126127 23 24 19 6522 3A3       
0619361012낸2019040301130234155138128 10 12 19 45             
0619361013낸2019040310230215150137134 16 18 18 5113 3A3       
0619361101낸2019040310220915142117129 24 37 23 81             
0619361102낸2019040310230214142132121 24 23 31 74             
0619361103낸2019040301110434140132129 25 18 18 58             
0619361104낸2019040310210455150130124 15 24 26 67             
0619361105낸2019040301130234145134126 20 16 21 57             
0619361106낸2019040301110414143136129 23 15 20 57             
0619361107낸2019040301110414140125120 26 26 29 82             
0619361108낸2019040310230215150133128 16 20 24 61             
0619361109낸2019040300120914141128133 28 26 19 70             
0619361110낸2019040301130214157136136  9 15 13 39             
0619361111낸2019040300120914158134126 11 20 26 64             
0619361112낸2019040300130214150134131 19 20 21 61             
0619361113낸2019040301110414138131126 28 20 23 69             
0619361114낸2019040301120914150135120 16 16 29 66             
0619361115낸2019040300130214146138133 23 16 19 57             
0619361116낸2019040301130214156134123 10 13 26 5521 410       
0619361201낸2019040310720935136126127 28 23 19 67             
0619361202낸2019040310220914144138125 22 17 27 61             
0619361203낸2019040310230214151144125 15 11 27 52             
0619361204낸2019040310230214155146129 11  9 23 42             
0619361205낸2019040300130214147130132 22 24 20 66             
0619361206낸2019040301110414143122128 23 29 21 72             
0619361207낸2019040310230214146135127 20 20 25 61             
0619361208낸2019040300110414146134136 23 20 16 57             
0619361209낸2019040310230215156135130 10 16 22 50             
0619361210낸2019040300110414144132132 25 18 20 6122 3A3       
0619361211낸2019040310220934146138127 19 16 23 53             
0619361212낸2019040310230235148145134 17  7 16 37             
0619361213낸2019040300110414153147129 16  7 23 49             
0619361214낸2019040311221036147135121 18 15 22 57             
0619361215낸2019040310230214149132127 17 19 25 58             
0619361216낸2019040301130214150132127 16 19 22 59             
0919260101낸2019040301120914138128136 28 19 13 5413 3A3       
0919260102낸2019040301110414151140134 15  7 15 3732 3         
0919260103낸2019040301121014144130131 22 21 18 59             
0919260104낸2019040301121014139132129 27 19 20 63             
0919260105낸2019040301130214159141122  7 10 27 52             
0919260106낸2019040301120934146132124 19 18 23 62             
0919260107낸2019040301110414147132128 19 19 21 60             
0919260108낸2019040311230214158135117  8 15 28 4723 3A3       
0919260109낸2019040311410416149138117 16 12 22 52             
0919260110낸2019040311230234143132126 22 17 17 42             
0919260111낸2019040301121034154132123 11 13 24 5332 3A3       
0919260112낸2019040301120914141133133 25 18 16 55             
0919260113낸2019040301120914138126129 28 21 20 6621 305       
0919260114낸2019040301130214150134124 16 12 25 5723 3A3       
0919260115낸2019040301130234147139136 18 11 11 37             
0919260116낸2019040311230216152138158 14 12  0 21             
0919260201낸2019040311210416144126134 22 26 11 55             
0919260202낸2019040301120914154142135 12  9 14 36             
0919260203낸2019040301130214142142134 24  9 15 44             
0919260204낸2019040301110414151128131 15 23 18 57             
0919260205낸2019040301130214145136131 21 10 18 4833 3         
0919260206낸2019040301110414157136130  9 11 19 4331 416       
0919260207낸2019040301110414142133129 24 13 20 5631 3         
0919260208뒞2019040401130214158134132  8 17 16 44             
0919260209낸2019040301120914143136131 23 15 18 54             
0919260210낸2019040301110414145130132 21 17 17 5321 3A3       
0919260211낸2019040311230236144134130 21 17 13 4812 3A3       
0919260212낸2019040311610415150114121 15 27 18 61             
0919260213낸2019040301110444157144129  8  2 18 3232 3A3       
0919260214낸2019040301121044157143126  8  2 21 3611 3A3       
0919260215뒞2019040401110414154137132 12 10 16 3931 3A3       
0919260216낸2019040311630235144126114 20 14 23 5812 610       
0919260301낸2019040301110414136134141 30 17  8 46             
0919260302낸2019040311230216141136118 25 15 27 69             
0919260303낸2019040301120944142132127 23 18 20 60             
0919260304낸2019040311410436141131123 23 18 14 5132 3A3       
0919260305낸2019040301130234146136128 19 14 19 52             
0919260306낸2019040301130214146140135 20 11 14 43             
0919260307낸2019040301110414143136137 23 15 12 46             
0919260308낸2019040301130244151136129 14 14 18 48             
0919260309낸2019040301110414138125127 28 21 22 6921 410       
0919260310낸2019040311210415140139125 26 12 20 4911 3A3       
0919260311낸2019040301120914142136125 24 11 24 593  3A3       
0919260312낸2019040301120914142134132 24 17 17 55             
0919260313낸2019040311710415143133125 20 15 15 45             
0919260314낸2019040311210416152129127 14 22 18 56             
0919260315낸2019040311220916153135118 13 17 27 63             
0919260316낸2019040301121034149128128 16 17 19 5311 3A3       
0919260401낸2019040301110414153132128 13 15 21 5231 305       
0919260402낸2019040311230216143128120 23 22 25 71             
0919260403낸2019040301120914152134125 14 17 24 59             
0919260404낸2019040301110414134127143 32 19  6 4731 3A3       
0919260405낸2019040311230215151136124 15 16 21 48             
0919260406낸2019040301110444146128131 19 22 16 56             
0919260407낸2019040301130214145133125 21 18 24 64             
0919260408낸2019040301130214148134123 18 17 26 64             
0919260409낸2019040311210416144134130 22 17 15 5211 3A3       
0919260410낸2019040311230214138128127 28 21 18 50             
0919260411낸2019040301110414138128135 28 23 14 59             
0919260412낸2019040311230246149126125 16 23 18 5831 305       
0919260413낸2019040301130214152134131 14 13 18 4731 9OP       
0919260414낸2019040311230216142130123 24 21 22 6721 305       
0919260415낸2019040301110414146136124 20 11 25 5822 405       
0919260416낸2019040301121034143132131 22 18 16 54             
0919260417낸2019040301110414145133130 21 13 19 5233 3A3       
0919260418낸2019040301110414140126134 26 21 15 5831 305       
0919260501뒞2019040401130214152137124 14 10 24 521  410       
0919260502뒞2019040401110444155134127 10 16 19 48             
0919260503낸2019040310230224154132134 12 23 18 49             
0919260504낸2019040301130214159136125  7 15 24 53             
0919260505낸2019040301110414140125127 26 21 22 6811 3         
0919260506낸2019040301120914145137126 21 14 23 59             
0919260507낸2019040301110414146129122 20 18 27 6823 5OP       
0919260508뒞2019040411230236152126121 14 25 23 65             
0919260509낸2019040311210416149141131 17 10 14 4111 6OP       
0919260510낸2019040301121014153132132 13 14 17 4633 3A3       
0919260511낸2019040301130234161134121  4 16 26 55             
0919260512낸2019040301120914147139129 19 12 20 51             
0919260513낸2019040301110414144130122 22 21 27 72             
0919260514뒞2019040411210434122126121 44 25 23 69             
0919260515낸2019040301110414148128127 18 18 22 6031 4A3       
0919260516뒞2019040401120914150138124 16  9 24 52             
0919260601뒞2019040411210446148131126 18 20 18 56             
0919260602낸2019040311230216139128132 27 24 13 5911 3A3       
0919260603낸2019040311230236154136120 11 14 23 54             
0919260604낸2019040311230245149138126 16 10 17 3733 3A3       
0919260605뒞2019040411230226152131116 15 21 30 72             
0919260606낸2019040311210416145133126 21 18 19 5811 510       
0919260607낸2019040301121014152136130 14 15 19 50             
0919260608낸2019040301110414148136125 18 15 24 59             
0919260609낸2019040301110414154140127 12 11 22 49             
0919260610낸2019040311210416155134126 11 17 19 51             
0919260701낸2019040301130214155134127 11 17 22 54             
0919260702낸2019040311230215145136118 21 16 27 60             
0919260703뒞2019040401130214152146129 14  5 19 40             
0919260704낸2019040301120944146134123 19 11 24 5621 3A3       
0919260705낸2019040301121014141127126 25 24 23 71             
0919260706낸2019040301130214149138121 17 13 28 62             
0919260707낸2019040301110414148130122 18 17 27 6611 305       
0919260708낸2019040300120914144130136 25 24 16 62             
0919260709뒞2019040401130214151133127 15 14 21 5223 3A3       
0919260710낸2019040311230246145132118 20 17 25 65             
0919260711낸2019040301130214151132121 15 14 28 6221 610       
0919260712낸2019040311230246147138125 18 13 18 5032 410       
0919260713뒞2019040401130214150134121 16 17 27 64             
0919260714낸2019040301120934157134125  8 12 22 482  305       
0919260715낸2019040301130214143134129 23 13 20 5523 510       
0919260801낸2019040301110414145132125 21 14 24 6012 3A3       
0919260802낸2019040301120914140124130 26 22 19 6411 510       
0919260803낸2019040301110414141128124 25 23 25 73             
0919260804낸2019040301110414148130132 18 21 17 56             
0919260805뒞2019040401130214159138132  7 13 16 39             
0919260806낸2019040311030245148132118 16 15 27 5923 3A3       
0919260807뒞2019040401120914154138125 12  8 23 4733 305       
0919260808낸2019040301110414148130122 18 17 27 6611 610       
0919260809낸2019040301110414138126126 28 25 23 74             
0919260810낸2019040311230215143132123 23 20 22 58             
0919260811낸2019040301110414149128128 17 23 21 63             
0919260812낸2019040311220916146134118 20 17 27 68             
0919260813낸2019040300130244147125124 21 28 26 78             
0919260814낸2019040301110414141131131 25 16 18 5621 3A3       
0919260815뒞2019040401130214146131126 20 20 22 62             
0919260816낸2019040301130214145136128 21 15 21 57             
0919260901낸2019040311230236151128118 14 23 25 6733 3OP       
0919260902낸2019040301130214153136125 13 15 24 56             
0919260903낸2019040311230216149130126 17 22 19 5933 3A3       
0919260904낸2019040301121014148138137 18 13 12 41             
0919260905낸2019040301130214151130126 15 21 23 62             
0919260906낸2019040301130214144141124 22 10 25 58             
0919260907낸2019040301130244142134127 23 16 20 58             
0919260908낸2019040301110414145130133 21 16 16 513  3OP       
0919260909낸2019040301110414145129122 21 22 27 72             
0919261001뒞2019040411220916147123128 20 29 18 66             
0919261002낸2019040311211015150127125 16 25 20 56             
0919261003낸2019040311230246150139121 15 10 22 51             
0919261004낸2019040301130234146126126 19 24 21 65             
0919261005낸2019040301130214154140129 12 11 20 46             
0919261006뒞2019040401130214147132123 19 19 25 65             
0919261007낸2019040311030225134138124 31 11 23 58             
0919261008낸2019040311230216156141119 10  9 26 52             
0919261009낸2019040301110444152134122 13 16 25 59             
0919261010낸2019040310230245148130128 17 23 22 6123 4OP       
0919261011늧201904060A1 16 0                                  
0919261012낸2019040311230216146130119 20 21 26 7021 405       
0919261101낸2019040310230245152130129 13 23 21 5823 4OP       
0919261102낸2019040301110434140136121 25 14 26 65             
0919261103낸2019040311620935142118122 23 24 18 6313 9OP       
0919261104낸2019040311230236153142119 12  8 24 5011 410       
0919261105낸2019040300120914150133126 19 21 26 69             
0919261106낸2019040311230236138138125 27 11 18 5323 410       
0919261107낸2019040301130214148130125 18 21 24 65             
0919261108낸2019040310230245147134128 18 20 22 6013 405       
0919261109낸2019040301120914149130123 17 16 26 6321 3A3       
0919261110낸2019040310220944139134126 26 19 24 62             
0919261111뒞2019040401120934150126122 15 24 24 66             
0919261112낸2019040301110434137128123 28 17 24 6822 305       
0919261113낸2019040311230236150126117 15 24 26 7013 305       
0919261114낸2019040301120914148136128 18 15 21 55             
0919261115낸2019040311630235140115114 25 28 26 79             
0919261116낸2019040301121024152130123 14 21 26 66             
0919261117낸2019040301120914137132130 29 19 19 63             
0919261118낸2019040301130234149135123 16 15 24 58             
0919261201낸2019040311210446153128128 12 21 15 5031 3         
0919261202낸2019040311230236144126124 21 22 19 62             
0919261203낸2019040301110414140131121 26 20 28 75             
0919261204낸2019040301110414149134125 17 13 24 571  405       
0919261205낸2019040301110414153134127 13 12 22 5111 3A3       
0919261206낸2019040311230215160144120  6  7 25 3923 3A3       
0919261207낸2019040301121014142130125 24 21 24 69             
0919261208낸2019040301130214147140130 19 11 19 49             
0919261209낸2019040301120944154136125 11 14 22 51             
0919261210뒞2019040411230215152140134 15 10 12 28             
0919261211낸2019040311230246150136121 15 13 22 53             
0919261212낸2019040301110414147128126 19 23 23 67             
0919261213낸2019040301120914147132127 19 19 22 61             
0919261214낸2019040301130214157139133  9 12 16 40             
