031912010116102664メイショウコスイ　　　　　　　　　　 56.4  9.7-10.8-10.8 -7.2 -2  0.0                           
031912010216105049アルジェンタータ　　　　　　　　　　 12.1  2.7 -1.3 10.5  3.5  8  8.6                           
031912010316100603プリカジュール　　　　　　　　　　　  3.9  1.5 18.1 16.3 11.4 16  7.3                           
031912010416100184ジュリアヴィーナス　　　　　　　　　 93.7 15.7-10.8-20.0-10.6 -6  0.0                           
031912010516106166ノーブルテラ　　　　　　　　　　　　 20.6  4.1-10.0 -8.9 -6.3 -1  0.0                           
031912010616104644ブラックモリオン　　　　　　　　　　  7.0  2.0 10.0  9.5  6.5 11  7.5                           
031912010716104283タイムハンドラー　　　　　　　　　　 17.2  3.5 -1.7  6.7  1.9  7  0.0                           
031912010816103669シーズンズオブラヴ　　　　　　　　　 93.7 15.7-10.0 -4.9 -4.8  0  0.0                           
031912010916101513ワンダールウェス　　　　　　　　　　 15.8  3.3  1.2  0.6  0.6  6  0.0                           
031912011016103228グレイテスト　　　　　　　　　　　　  2.5  1.3 20.0 14.2 11.2 16 13.0                           
031912011116100343ラストミステリー　　　　　　　　　　 80.4 13.5-10.0-19.4-10.1 -5  0.0                           
031912011216106241フォーアネーム　　　　　　　　　　　 34.7  6.4  6.0-18.2 -4.9  0  0.0                           
031912011316102164メイショウパティオ　　　　　　　　　 34.2  6.3 -2.4 -3.5 -2.0  3  0.0                           
031912011416101171リップグロス　　　　　　　　　　　　  7.1  2.0 12.6  6.5  6.2 11  8.5                           
031912011516105328トゥービーシック　　　　　　　　　　 19.1  3.9 15.5  9.5  8.1 13  0.0                           
031912020116105790ハローマイフレンド　　　　　　　　　 72.2 11.4-10.0-10.0 -6.7 -2  0.0                           
031912020216105886ヒロシゲウェーブ　　　　　　　　　　100.8 15.7 -5.5-10.8 -5.6 -1  0.0                           
031912020316104923カーヴィー　　　　　　　　　　　　　 22.2  4.1 -1.1 -6.2 -2.6  2  0.0  0                        
031912020416104214ケンアンドランス　　　　　　　　　　 79.1 12.4-10.0-13.0 -7.8 -3  0.0                           
031912020516105488ウインドシャルム　　　　　　　　　　 76.4 12.0-11.3 -0.4 -3.5  1  0.0                           
031912020616106278ラスティングライ　　　　　　　　　　123.1 19.0-10.0 -4.9 -4.8  0  0.0                           
031912020716103569メイクアンシー　　　　　　　　　　　  3.2  1.3 12.0  7.9  6.5 11 14.2                           
031912020816103272スキップ　　　　　　　　　　　　　　  5.3  1.6  8.7 12.2  7.1 12  7.9                           
031912020916100637ガーデンコンサート　　　　　　　　　  7.6  2.0 15.5 18.5 11.4 16  0.0  2                        
031912021016103543ペイシャマキアージ　　　　　　　　　117.0 18.1-10.0 -9.4 -6.4 -1  0.0                           
031912021116103594デルマヴァンドーム　　　　　　　　　103.4 16.1-10.8-10.8 -7.2 -2  0.0                           
031912021216101759ビクトリーゴールド　　　　　　　　　 85.9 13.5 -5.5-10.8 -5.6 -1  0.0                           
031912021316101650モメチョッタ　　　　　　　　　　　　  8.0  2.1 11.3 22.2 11.5 17  8.6                           
031912021416101947バカラクイーン　　　　　　　　　　　  2.6  1.2 19.4 20.0 13.2 18 13.0                           
031912021516101233ダナキル　　　　　　　　　　　　　　 93.1 14.5-10.0-18.5 -9.8 -5  0.0                           
031912021616102287チャピ　　　　　　　　　　　　　　　 13.4  2.8  6.0 12.0  6.2 11  0.0                           
031912030116106009ボニーソックス　　　　　　　　　　　 13.9  2.7 -3.3 -8.3 -4.0  1  0.0                           
031912030216101632アキセブン　　　　　　　　　　　　　 39.6  6.3-11.3 -3.8 -4.8  0  0.0                           
031912030316101323ツウカイステラ　　　　　　　　　　　 15.6  2.9-10.0  1.0 -2.6  2  0.0                           
031912030416105263ネオシーナ　　　　　　　　　　　　　 32.9  5.3-10.8-10.8 -7.2 -2  0.0                           
031912030516110075サウスブルーグラス　　　　　　　　　 12.1  2.4 17.5  5.3  7.2 12  8.1                           
031912030616102328スマートモンスター　　　　　　　　　 40.7  6.5 -7.0 -7.5 -4.8  0 12.7                           
031912030716101379コンシード　　　　　　　　　　　　　  7.8  1.9  1.3 20.0  7.7 13  7.5                           
031912030816103363オリバーヴォーグ　　　　　　　　　　 24.7  4.2  1.0  5.9  2.5  7  0.0                           
031912030916100973オグリクロノス　　　　　　　　　　　 15.6  2.9 -1.7 -1.4 -1.0  4  0.0                           
031912031016100102マンジェリーナ　　　　　　　　　　　 57.3  8.6-11.3-10.0 -7.1 -2  0.0                           
031912031116104594カラデニズ　　　　　　　　　　　　　  3.5  1.4 13.3 14.8  9.4 14  7.3                           
031912031216105478ヴァイスコード　　　　　　　　　　　 48.0  7.5 -1.3 -2.0 -1.1  4  0.0                           
031912031316100917サピアウォーフ　　　　　　　　　　　  2.2  1.2 19.4 20.0 13.2 18 13.0                           
031912031416101383タイセイブランシュ　　　　　　　　　 95.9 13.9-11.3 -3.3 -4.6  0  0.0                           
031912031516103434セイウンカイドウ　　　　　　　　　　 95.9 13.9-10.8-10.8 -7.2 -2  0.0                           
031912040114104508テイエムイキオイ　　　　　　　　　　 21.0  4.4 -5.5 -2.0 -2.4 -2  0.0  0                        
031912040212101673タイセイアプローズ　　　　　　　　　  6.7  2.0  9.5 10.1  6.6  7  0.0                           
031912040315105068レインボーナンバー　　　　　　　　　  3.4  1.4 16.3 12.7  9.5 10 14.2  5                        
031912040415104854スワーヴエドワード　　　　　　　　　  3.3  1.4 16.9 22.5 13.3 13  6.7                           
031912040513102276カムイ　　　　　　　　　　　　　　　 45.1  8.6-10.0-18.9 -9.9-10  0.0  0                        
031912040615110080シンティエンディー　　　　　　　　　 68.7 12.4-10.0-10.0 -6.7 -7  0.0                           
031912040713103179マストワン　　　　　　　　　　　　　  3.9  1.5 12.5 20.0 11.1 11 15.3                           
031912040815110041ヴォルパンテール　　　　　　　　　　 44.3  8.5-11.3 -5.7 -5.5 -5  0.0                           
031912040913100214クリノサンスーシ　　　　　　　　　　 10.8  2.6  6.5  6.5  4.3  4  0.0                           
031912041014100075ローレルヴィクター　　　　　　　　　 39.5  7.6 -5.0 -4.7 -3.2 -3  0.0                           
031912041111104420ダブルコーク　　　　　　　　　　　　 18.7  4.0-11.3 13.8  1.7  2  9.2                           
031912041214106437ナンヨーウラヌス　　　　　　　　　　 50.5  9.6-10.0 -3.8 -4.4 -4  0.0                           
031912041314101632ダイヤグラム　　　　　　　　　　　　 41.9  8.0-10.0-13.4 -7.9 -8  0.0                           
031912041415105669ダイチョウセブン　　　　　　　　　　 35.6  6.9-10.8-10.8 -7.2 -7  0.0                           
031912050116103374マテラカミング　　　　　　　　　　　112.5 21.2-10.8-20.0-10.6 -6  0.0                           
031912050216103291レシプロケイト　　　　　　　　　　　 13.2  3.2  9.3  2.6  3.7  9  9.2                           
031912050316109148クリノピンクダイヤ　　　　　　　　　121.3 22.8-10.0-13.2 -7.8 -3  0.0                           
031912050416105424ペイシャシキブ　　　　　　　　　　　 80.4 15.3-11.3 -0.4 -3.5  1  0.0                           
031912050516105176ブラックアイドタフ　　　　　　　　　 20.4  4.6 -1.7 -1.4 -1.0  4 10.9                           
031912050616102969ヴィーヴァステラ　　　　　　　　　　 16.9  3.9-10.0 -6.1 -5.2  0  0.0                           
031912050716104523スパークオブライフ　　　　　　　　　  6.8  2.1  6.0 12.0  6.2 11  0.0                           
031912050816101457シャイニングデイズ　　　　　　　　　  3.3  1.4 11.8 13.3  8.4 13  6.7                           
031912050916106104ショウナンパルコ　　　　　　　　　　 16.3  3.8  0.4 -5.0 -1.7  3  0.0                           
031912051016104815オルピメント　　　　　　　　　　　　 88.6 16.8-10.0-10.0 -6.7 -2  0.0                           
031912051116102174タマノジュメイラ　　　　　　　　　　  4.1  1.6 16.9 21.3 12.9 18  7.3  3                        
031912051216105338トキノユウホウ　　　　　　　　　　　 49.0  9.8-11.3 -2.0 -4.1  1  0.0                           
031912051316104717マジストラル　　　　　　　　　　　　  4.8  1.7 16.5  6.1  7.2 12 15.3                           
031912051416100736フロラシオン　　　　　　　　　　　　 69.9 13.4-11.3-10.0 -7.1 -2  0.0                           
031912051516103082ハルワタート　　　　　　　　　　　　  8.6  2.5 20.0  6.0  8.2 13  0.0                           
031912051616101684サンピラーアイ　　　　　　　　　　　 67.4 13.0-10.8-10.8 -7.2 -2  0.0                           
031912060116102642スズカビステー　　　　　　　　　　　 35.6  6.8-10.8-10.8 -7.2 -2  0.0                           
031912060216105545タータンダンサー　　　　　　　　　　 47.3  8.8-10.0 -6.9 -5.5 -1  0.0                           
031912060316105901ミスアラカン　　　　　　　　　　　　 59.8 10.7-10.0 -5.7 -5.1  0  0.0                           
031912060416105689シゲルジルコン　　　　　　　　　　　 68.1 12.1-10.0 -7.7 -5.8 -1  0.0                           
031912060516103050ユメノハジマリ　　　　　　　　　　　 34.7  6.7-10.0 -8.3 -6.0 -1  0.0                           
031912060616105275ラプリュベル　　　　　　　　　　　　 38.6  7.3 -7.0 -7.5 -4.8  0  0.0                           
031912060716105946デンコウブレイブ　　　　　　　　　　  6.6  2.0  9.5 13.5  7.8 13  0.0                           
031912060816100162テイエムロケット　　　　　　　　　　 23.9  4.8  6.0  6.0  4.0  9  0.0                           
031912060916101609キーポップコーン　　　　　　　　　　 59.8 10.7-11.3-10.0 -7.1 -2  0.0                           
031912061016101377アテンフェアリー　　　　　　　　　　 49.2  9.2-11.3  4.9 -1.6  3  0.0                           
031912061116101887メイショウロサン　　　　　　　　　　  8.9  2.4  8.7 15.1  8.1 13  0.0  5                        
031912061216100318スキンズマッチ　　　　　　　　　　　  7.0  2.0  9.9  9.5  6.5 11 16.5                           
031912061316101080クールティアラ　　　　　　　　　　　  2.4  1.3 13.5 16.6 10.1 15 13.0                           
031912061416105215ベルポート　　　　　　　　　　　　　  5.1  1.7 16.3  8.6  8.0 13 14.2  5                        
031912061516101922モズナリマツ　　　　　　　　　　　　 39.5  7.5-10.8-13.7 -8.3 -3  0.0  0                        
031912061616106052タイガーブレイブ　　　　　　　　　　 10.7  2.5 11.2  9.8  7.0 12  0.0  5                        
031912070115105834レオステップアップ　　　　　　　　　 56.1  9.6-11.3 -5.7 -5.5 15  0.0                           
031912070214101436リョウランヒーロー　　　　　　　　　 13.5  2.9  9.0 -6.5  0.3 20  0.0                           
031912070315100491ヒロノブシドウ　　　　　　　　　　　 46.3  8.2-10.0-12.1 -7.4 13  0.0                           
031912070414100407ブラックカード　　　　　　　　　　　  2.1  1.2 19.8 19.8 13.2 33 13.0                           
031912070513101293ナポレオンズワード　　　　　　　　　 43.7  7.8-11.3-12.9 -8.1 12  0.0                           
031912070614100916クリップスプリンガ　　　　　　　　　 21.1  4.2 17.5 -2.6  4.3 24  0.0  3                        
031912070715101889ディーエスバズーカ　　　　　　　　　  7.8  2.1  6.0 26.2 11.4 31  7.5  1  602   40              
031912070814103377オウケンスターダム　　　　　　　　　 12.0  2.7  9.3 18.7  9.6 30 16.5                           
031912070914103551メイショウタカトラ　　　　　　　　　 12.3  2.7  3.6  0.6  1.3 21  0.0                           
031912071015100218ウインインペリアル　　　　　　　　　 58.5  9.9-10.8-10.8 -7.2 13  0.0                           
031912071113103668ブリーズスズカ　　　　　　　　　　　 18.6  3.7 -3.2  2.0 -0.2 20  0.0                           
031912071215102003キタノユウキ　　　　　　　　　　　　  5.6  1.8 -3.3 23.6  7.7 28  7.3                           
031912071315102626カズアピアーニ　　　　　　　　　　　 37.1  6.7-10.8-10.8 -7.2 13  0.0                           
031912071414103710シゲルポインター　　　　　　　　　　 27.7  5.2  2.5-10.0 -2.9 17  0.0                           
031912071514104037メイショウヴォルガ　　　　　　　　　 15.5  3.2  2.4  0.2  0.8 21  0.0                           
031912080115105003ムーンライトナイト　　　　　　　　　  9.1  2.7 -3.3  5.3  1.0 21  9.2                           
031912080214105697エスコフィオン　　　　　　　　　　　 97.3 19.9-11.3-10.0 -7.1 13  0.0                           
031912080315103982ティイ　　　　　　　　　　　　　　　 32.0  7.2  2.5-14.4 -4.5 15  0.0  0                        
031912080415104295ゴールデンフィジー　　　　　　　　　 24.1  5.5  7.5  8.3  5.3 25  0.0                           
031912080515102431ファストライフ　　　　　　　　　　　 18.1  4.4 -2.0  8.0  2.3 22  0.0                           
031912080615104293カーロバンビーナ　　　　　　　　　　  5.3  2.0  5.0  5.2  3.4 23 14.2                           
031912080715105936ココナッツスルー　　　　　　　　　　 22.7  5.3 -3.5  3.5  0.2 20  0.0                           
031912080814106068アドマイヤアルパマ　　　　　　　　　  8.9  2.7 -5.0 -5.0 -3.3 17  0.0                           
031912080915101835サツキワルツ　　　　　　　　　　　　 11.7  3.1 -2.0  1.0 -0.2 20  0.0                           
031912081015104593フラッグサルート　　　　　　　　　　 11.7  3.1 -5.5 -4.0 -3.1 17 10.9                           
031912081115104952コンダクトレス　　　　　　　　　　　 16.7  4.1 -0.3 12.0  4.3 24  0.0                           
031912081215102019エマブルーム　　　　　　　　　　　　 97.3 19.9-10.0-13.6 -8.0 12  0.0  0                        
031912081314101505ナルハヤ　　　　　　　　　　　　　　  9.0  2.7  3.4  9.5  4.5 25  0.0                           
031912081414105371レローヴ　　　　　　　　　　　　　　  8.8  2.7  1.3  6.0  2.6 23  7.5                           
031912081515105352ジョブックコメン　　　　　　　　　　  3.4  1.6 16.9  3.0  6.2 26  6.7                           
031912090113105418ストロングハピネス　　　　　　　　　140.4 26.4-11.3-13.4 -8.3 12  0.0                           
031912090215106085ダウンタウンキラリ　　　　　　　　　 11.3  2.8  6.0  9.0  5.1 25  9.7                           
031912090312102059スズカブレーン　　　　　　　　　　　 56.3 11.0-10.0-10.0 -6.7 13  0.0                           
031912090414100700コスモリョウゲツ　　　　　　　　　　 49.9 10.1-10.0-15.1 -8.5 11  0.0                           
031912090515104753クルークヴァール　　　　　　　　　　  5.7  1.9 13.2 21.4 11.8 32  8.1  2                        
031912090614104251ラヴィソント　　　　　　　　　　　　 47.3  9.6-10.0  3.4 -1.8 18  0.0                           
031912090713101901マイネルパッセ　　　　　　　　　　　  7.3  2.2  6.8  8.2  5.0 25  0.0                           
031912090815101355サンライズカナロア　　　　　　　　　  4.2  1.6 17.1 17.8 11.7 32  6.9                           
031912090915100670ドリームジャンボ　　　　　　　　　　 42.0  8.6 -5.0 -4.1 -3.0 17  0.0                           
031912091015104821ヤエノグラフ　　　　　　　　　　　　 69.5 13.4-10.0 -3.8 -4.4 16  0.0                           
031912091115103743オンファサイト　　　　　　　　　　　 46.7  9.5-10.0-13.5 -7.9 12  0.0                           
031912091215102095クリノイダテン　　　　　　　　　　　 26.9  5.7 -5.0  1.2 -1.1 19  0.0                           
031912091315101364カーサデルシエロ　　　　　　　　　　  3.2  1.5 17.9 23.6 14.0 34 13.0                           
031912091414105282ハイヤーアプシス　　　　　　　　　　  5.5  1.8 10.5  4.1  4.7 25  7.9                           
031912091515103937ニシノオトコマサリ　　　　　　　　　 18.4  4.2-11.3  3.4 -2.1 18  0.0                           
031912091614104461ブライトンピア　　　　　　　　　　　 75.1 14.4-10.0-19.5-10.1 10  0.0  0                        
031912100115105573エクスパートラン　　　　　　　　　　 18.9  4.1 -5.0-10.8 -5.5 15  0.0                           
031912100215103488シゲルシイタケ　　　　　　　　　　　 17.8  3.9 15.5  0.8  4.9 25  9.2                           
031912100314110023リードザフィールド　　　　　　　　　 20.1  4.3-10.0  1.7 -2.4 18  0.0                           
031912100415104171ヘブンリーデイズ　　　　　　　　　　  7.5  2.2 10.0  7.0  5.6 26  0.0                           
031912100515104367ジャディード　　　　　　　　　　　　  3.7  1.5 16.9 12.0  9.5 29  7.3                           
031912100615101679ロイヤルディクリー　　　　　　　　　 24.1  5.0 -5.5-10.8 -5.6 14 10.9                           
031912100715104589マサハヤニース　　　　　　　　　　　 67.6 12.4-10.8-10.8 -7.2 13  0.0                           
031912100815104994ミレフォリウム　　　　　　　　　　　  5.4  1.8  9.3 13.0  7.6 28  7.9                           
031912100914106066バラダガール　　　　　　　　　　　　  3.1  1.4 12.0 18.7 10.5 30  6.7                           
031912101014104281フレスコパスト　　　　　　　　　　　 56.8 10.5-10.0 -1.0 -3.4 17  0.0                           
031912101115105171ニッポンテイオー　　　　　　　　　　  9.5  2.6 11.3  9.5  6.9 27  8.6                           
031912101214101655ルーラーキング　　　　　　　　　　　 24.5  5.0 -1.3 -1.7 -1.0 19  0.0                           
031912101314100735プロヴェルビオ　　　　　　　　　　　 33.5  6.7-10.0-18.6 -9.8 10  0.0                           
031912101415103419トキメキジュピター　　　　　　　　　 56.9 10.6-10.0-12.1 -7.4 13  0.0                           
031912101515103495ノーブルバルカン　　　　　　　　　　 42.5  8.3-11.3 -9.0 -6.7 13  0.0                           
031912110113104135ダノンプレシャス　　　　　　　　　　 17.2  3.9  9.3  8.0  5.7 36  0.0                           
031912110210104563ドリームリヴァール　　　　　　　　　 77.6 14.7-11.3-10.0 -7.1 23  0.0                           
031912110315104271オーケストラ　　　　　　　　　　　　  6.1  1.9 -1.3  9.0  2.9 33  0.0                           
031912110414102002レコンキスタ　　　　　　　　　　　　  9.2  2.6 10.0  6.0  5.2 35  0.0                           
031912110515103681メモリーコウ　　　　　　　　　　　　  3.8  1.6  9.9 14.9  8.4 38 14.2                           
031912110615101264サンローレンス　　　　　　　　　　　 34.6  7.1-11.3 -6.1 -5.6 24  0.0                           
031912110715106289キクノウェスター　　　　　　　　　　 25.4  5.4-10.8-10.8 -7.2 23 11.5                           
031912110815110103アポロテネシー　　　　　　　　　　　  3.4  1.5 17.0 27.0 15.0 45  6.7  1  157   62              
031912110914105044カリーニョミノル　　　　　　　　　　  8.3  2.4  7.2  3.2  3.3 33 16.5  0                        
031912111013103738メイショウノボサン　　　　　　　　　 31.9  6.6  2.6 -5.5 -1.2 29  0.0                           
031912111113101965オンザロックス　　　　　　　　　　　 17.5  4.0-10.8 -2.4 -4.1 26  0.0                           
031912111213105015スリーパスポート　　　　　　　　　　 57.3 11.0-10.8-13.7 -8.3 22  0.0  0                        
031912111314100338クインズヌーサ　　　　　　　　　　　 84.4 15.9-10.8-10.8 -7.2 23  0.0                           
031912111415104435ジュンパッション　　　　　　　　　　 11.1  2.8  6.0  9.0  5.1 35  0.0                           
031912111513105952フランドル　　　　　　　　　　　　　 18.3  4.1-10.8-11.8 -7.6 22  0.0                           
031912120115106063リーゼントアイリス　　　　　　　　　 14.1  2.9  6.5  7.0  4.5 25  0.0                           
031912120213100704エスペランサリュウ　　　　　　　　　 43.9  7.5 -7.0 -7.5 -4.8 15  0.0                           
031912120313110135ボスキャットグレイ　　　　　　　　　 21.6  4.0  2.6 -3.5 -0.5 19  0.0                           
031912120413103006サウンドオブビット　　　　　　　　　 76.8 12.2-10.0 -4.0 -4.5 16  0.0                           
031912120515103864キスオンザグリーン　　　　　　　　　 30.6  5.4  2.5-14.1 -4.4 16  0.0  0                        
031912120615101487キャンディソング　　　　　　　　　　 50.2  8.4-11.3-10.0 -7.1 13  0.0                           
031912120714100422ラニカイサンデー　　　　　　　　　　 19.5  3.7  0.4 -4.7 -1.6 18  0.0                           
031912120815102657リュニヴェール　　　　　　　　　　　  5.3  1.6 14.3 -1.2  3.8 24  0.0  0                        
031912120914102390バリンジャー　　　　　　　　　　　　  7.9  2.1  6.0 10.5  5.7 26  8.5                           
031912121015103343アイアムヒメ　　　　　　　　　　　　 10.8  2.4 -0.3 15.5  5.6 26  8.6                           
031912121115101682リーディングエッジ　　　　　　　　　  6.1  1.7  7.5 10.0  5.9 26 15.3                           
031912121215105318ヒロノオウカン　　　　　　　　　　　 55.7  9.1-10.0-10.0 -6.7 13  0.0                           
031912121314110093コスモペリドット　　　　　　　　　　  2.0  1.2 15.0 23.5 13.1 33 13.0                           
061936010116102217スズカキッド　　　　　　　　　　　　 46.5  9.0-10.0-13.0 -7.8 -3  0.0                           
061936010216102389デュアリティ　　　　　　　　　　　　 32.9  6.5-10.0 -9.7 -6.6 -2  0.0  5                        
061936010316101948ブラックアマゾン　　　　　　　　　　 26.3  5.4-10.4-16.7 -9.2 -4  0.0                           
061936010416102837リネンエイコウ　　　　　　　　　　　 71.6 13.1-10.0 -9.5 -6.5 -1  0.0                           
061936010516100995ゼネラルスターク　　　　　　　　　　189.7 33.6-13.4 -6.4 -6.4 -1  0.0                           
061936010616104783レッドアデニウム　　　　　　　　　　  7.2  2.1 10.0  8.5  6.1 11 13.5                           
061936010716100422ロンリーウェイ　　　　　　　　　　　  9.5  2.6 10.0  6.0  5.2 10  0.0                           
061936010816100564ラキウラ　　　　　　　　　　　　　　  4.6  1.6 20.0 11.7 10.3 15  8.9                           
061936010916103628ジョグジャカルタ　　　　　　　　　　 71.5 13.1-10.0-12.7 -7.7 -3  0.0                           
061936011016105590ラディアント　　　　　　　　　　　　 17.6  3.9-10.0-10.8 -7.0 -2  0.0                           
061936011116105322フロントライン　　　　　　　　　　　  3.6  1.5 15.0 28.7 15.0 20 19.8                           
061936011216101601アブシンス　　　　　　　　　　　　　129.4 23.1-10.0-12.0 -7.4 -2  0.0                           
061936011316106548キンショーヘイロー　　　　　　　　　 17.1  3.8 -2.8 -1.7 -1.5  4  0.0                           
061936011416102088ケイスター　　　　　　　　　　　　　 24.6  5.1  0.3  7.5  2.8  8  0.0                           
061936011516102052ナムラアイアイサー　　　　　　　　　  3.2  1.4 20.1  7.0  8.6 14 18.1                           
061936011616106224シャインオンアテナ　　　　　　　　　 42.7  8.3-11.3-10.3 -7.2 -2  0.0                           
061936020116110110ドーバーテソーロ　　　　　　　　　　  6.4  1.8 10.0  6.0  5.2 10  6.7                           
061936020216106003ミエノカムカム　　　　　　　　　　　 29.8  5.5-11.3-10.7 -7.3 -2  0.0                           
061936020316100539ヴァイル　　　　　　　　　　　　　　 53.1  9.3-12.5-10.1 -7.5 -2  0.0                           
061936020416106360ヤマタケフリーダム　　　　　　　　　 18.2  3.7  3.2  5.4  2.9  8  0.0                           
061936020516101305ゴー　　　　　　　　　　　　　　　　  5.6  1.7 12.1 12.7  8.3 13  5.8                           
061936020616101176アルデエンブレム　　　　　　　　　　 42.2  7.5 -6.0-14.7 -7.2 -2  0.0  0                        
061936020716101021ヤマニンスパツィオ　　　　　　　　　 30.5  5.6-10.0-12.1 -7.4 -2  0.0                           
061936020816105500アイルビーザスター　　　　　　　　　  8.2  2.2-10.0 10.6  0.9  6 17.5                           
061936020916110117モントカイザー　　　　　　　　　　　 26.1  4.9  6.0  6.3  4.1  9  0.0                           
061936021016102815エムオーマックス　　　　　　　　　　 91.9 15.1-12.7-10.5 -7.7 -3  0.0                           
061936021116104658ブレーヴユニコーン　　　　　　　　　  2.1  1.2 20.0 23.8 14.7 20 18.1                           
061936021216101597ナムラガンマン　　　　　　　　　　　  5.8  1.7 12.0 15.7  9.4 14 15.2                           
061936021316103822トーセンコモドール　　　　　　　　　 25.5  4.8 -1.3-10.9 -4.4  1  0.0                           
061936030116103101ジョイナイト　　　　　　　　　　　　  6.4  1.9 13.5  9.4  7.5 12 23.1                           
061936030216104091ダディフィンガー　　　　　　　　　　  5.3  1.7 14.9 22.5 12.7 18 14.0                           
061936030316106595ジェメナイ　　　　　　　　　　　　　151.4 25.7-10.0-14.7 -8.4 -3  0.0  0                        
061936030416100185モンサンスペラーレ　　　　　　　　　 12.7  2.8 10.5  7.2  5.8 11  0.0                           
061936030516100115ジギーベイ　　　　　　　　　　　　　103.0 17.7-10.4-19.4-10.2 -5  0.0  0                        
061936030616104061コマノゼニト　　　　　　　　　　　　  2.3  1.3 15.0 20.6 12.1 17 18.1  2                        
061936030716100340コルシカフレーバー　　　　　　　　　 51.3  9.4-10.0-12.2 -7.5 -2  0.0                           
061936030816106127クツワヒメ　　　　　　　　　　　　　 65.0 11.4-10.0-11.0 -7.0 -2  0.0                           
061936030916105817フォワードプッシュ　　　　　　　　　 55.6  9.8-11.3 -4.7 -5.1  0  0.0                           
061936031016105983イッツザファースト　　　　　　　　　  5.8  1.8 12.0 25.0 12.8 18  6.2  2                        
061936031116104916カーテンジュエル　　　　　　　　　　  7.2  2.1 20.0  8.4  9.1 14  0.0                           
061936031216100870マッシロ　　　　　　　　　　　　　　187.6 31.6-11.3 -8.6 -6.5 -2  0.0                           
061936031316106013ホームチーム　　　　　　　　　　　　 13.3  3.0  6.0  3.3  3.0  8  0.0                           
061936031416101322デルマシャイヨー　　　　　　　　　　 88.6 15.3-11.3-14.2 -8.6 -4  0.0                           
061936031516100119シゲルトパーズ　　　　　　　　　　　 46.9  8.6-13.4 -7.3 -6.7 -2  0.0                           
061936031616102841シロボシ　　　　　　　　　　　　　　148.7 25.2-11.3-19.4-10.5 -6  0.0  0                        
061936040116104974ナンヨーミカヅキ　　　　　　　　　　 38.6  8.1-10.0-11.9 -7.4 -2  0.0                           
061936040216103163ネガイ　　　　　　　　　　　　　　　  6.6  2.1  6.0 26.5 11.5 17  6.2                           
061936040316104977エレベル　　　　　　　　　　　　　　  5.3  1.9  8.6  5.4  4.6 10  8.2                           
061936040416104610グロリアーナ　　　　　　　　　　　　  6.8  2.2  9.7 11.7  7.2 12 10.3                           
061936040516105261モッシュピット　　　　　　　　　　　 13.0  3.2  6.8  0.0  2.0  7  8.7                           
061936040616100820アウトストリップ　　　　　　　　　　202.0 38.8-11.3-10.2 -7.1 -2  0.0                           
061936040716100738アナザークイーン　　　　　　　　　　 33.4  7.1 -7.4-10.1 -5.9 -1  0.0                           
061936040816100581ヤマニンスマイリー　　　　　　　　　 97.4 19.1-11.3-10.0 -7.1 -2  0.0                           
061936040916100701オーレア　　　　　　　　　　　　　　 73.0 14.5-10.0-11.1 -7.1 -2  0.0                           
061936041016105283ココリアッピア　　　　　　　　　　　 12.8  3.2  3.5  6.3  3.4  8  8.2                           
061936041116101241アキノコマチ　　　　　　　　　　　　  8.5  2.5  9.3  7.2  5.4 10  7.7                           
061936041216104002ブライティアセルバ　　　　　　　　　  3.0  1.5 10.0 16.0  8.9 14 12.8                           
061936041316105207エスデス　　　　　　　　　　　　　　  6.7  2.1 12.8 12.0  8.2 13  6.8                           
061936041416105025アレクサンドレッタ　　　　　　　　　 37.0  7.8-11.3-14.4 -8.7 -4  0.0                           
061936041516106350エリーグローリー　　　　　　　　　　 68.9 13.7-11.3 -8.6 -6.5 -2  0.0                           
061936050116105797コスモエスパーダ　　　　　　　　　　  4.8  1.8  6.0 15.4  7.4 12  5.8                           
061936050216102723プロース　　　　　　　　　　　　　　 86.8 18.0-10.0-15.9 -8.8 -4  0.0                           
061936050316102070ヒバナ　　　　　　　　　　　　　　　 68.3 14.3-13.4-12.5 -8.6 -4  0.0                           
061936050416100704ピュアデボーション　　　　　　　　　 37.3  8.3 -8.2 -1.1 -2.9  2  0.0  1  224   71              
061936050516103447ニシノプレジール　　　　　　　　　　  3.8  1.6 15.0 25.5 13.9 19  7.5                           
061936050616103280グランツリヒター　　　　　　　　　　  5.1  1.8 12.0 16.9  9.8 15 15.1                           
061936050716102794フローラルティアラ　　　　　　　　　 24.0  5.6  5.0 15.0  7.0 12  0.0                           
061936050816101166ロードストライク　　　　　　　　　　 10.8  2.9  3.4  7.5  3.8  9  0.0                           
061936050916104978リンラン　　　　　　　　　　　　　　 47.3 10.4-11.3 -7.5 -6.1 -1  0.0                           
061936051016103587モンスタープリンス　　　　　　　　　 23.5  5.5-11.3-12.5 -8.0 -3  0.0                           
061936051116105077テンフライト　　　　　　　　　　　　 78.4 16.3-13.4-10.2 -7.8 -3  0.0                           
061936051216106110ファンシーラン　　　　　　　　　　　  7.5  2.4  4.2 11.8  5.6 11  6.8                           
061936051316101372カウムディー　　　　　　　　　　　　 11.8  3.1  0.0 11.6  4.3  9  0.0  5                        
061936051416102172アイコニック　　　　　　　　　　　　 15.0  3.8 -2.0  0.7 -0.3  5  8.6                           
061936051516104446サトノルミナス　　　　　　　　　　　  8.6  2.7 20.0  9.1  9.3 14 24.7                           
061936051616102721レディオスカル　　　　　　　　　　　 66.9 14.0-11.3 -6.4 -5.7 -1  0.0                           
061936060116106321タマモジャイブ　　　　　　　　　　　  4.7  1.7 12.0 13.6  8.6 29  0.0  2                        
061936060216105007ポートロイヤル　　　　　　　　　　　  2.7  1.3 19.3 16.0 11.7 32 12.8                           
061936060316102281アルカイクスマイル　　　　　　　　　  5.9  1.9-10.0 21.7  5.0 25  0.0                           
061936060416105606キュリオス　　　　　　　　　　　　　 57.7 10.7 -8.0 -9.0 -5.7 14  0.0                           
061936060516105131シュバルツバルト　　　　　　　　　　 45.3  8.8 -2.0  7.6  2.2 22  0.0                           
061936060616104984ハツセ　　　　　　　　　　　　　　　 43.5  8.4-11.3 -7.6 -6.2 14  0.0                           
061936060716110151コスモロビンソン　　　　　　　　　　 19.9  4.3  1.2-15.0 -5.1 15  0.0                           
061936060816102450アルマスティング　　　　　　　　　　 31.9  6.4-10.0-15.2 -8.6 11  0.0                           
061936060916103657セイヴァリアント　　　　　　　　　　 14.8  3.3 -2.5 -3.2 -1.9 18 10.9                           
061936061016104970キュアン　　　　　　　　　　　　　　 39.0  7.6  6.0  0.7  2.1 22  0.0                           
061936061116105139クリスタロス　　　　　　　　　　　　  7.1  2.1 10.0 23.4 11.6 32 13.5  1  248   41              
061936061216106046シールドヴォルト　　　　　　　　　　 44.0  8.5-12.5 -8.1 -6.7 13  0.0                           
061936061316100161グリニッジシチー　　　　　　　　　　 15.1  3.4 -7.4  7.2  0.4 20 19.8  3                        
061936061416110133イッツリット　　　　　　　　　　　　  7.5  2.2  6.1 11.3  6.0 26 14.5                           
061936070115103951フジジェットレディ　　　　　　　　　 57.3 11.4-13.4-15.3 -9.6 10  0.0                           
061936070215105382マローネメタリコ　　　　　　　　　　  3.3  1.5 14.0 23.4 12.8 33 18.1                           
061936070315105434ロブラリア　　　　　　　　　　　　　 25.3  5.5-10.0  9.1  0.3 20  0.0                           
061936070412100798シャンパンサーベル　　　　　　　　　 23.5  5.2 20.0  7.3  8.7 29  0.0                           
061936070515105605フレッシビレ　　　　　　　　　　　　  6.0  2.0 15.6 11.9  9.0 29  0.0                           
061936070614102387モリトシラユリ　　　　　　　　　　　  5.8  1.9 13.5  7.9  6.9 27  0.0                           
061936070715105415ルーチェソラーレ　　　　　　　　　　  6.5  2.1 12.0 28.7 14.1 34 17.5                           
061936070815106261マリーツァ　　　　　　　　　　　　　 26.6  5.8-11.3 -7.5 -6.1 14  9.6                           
061936070914103600ジュブリーユ　　　　　　　　　　　　 12.5  3.1-10.0  9.2  0.4 20  0.0                           
061936071015103892ファーベライト　　　　　　　　　　　 66.6 13.2 -0.6 -8.0 -3.1 17  0.0  5                        
061936071114103175スマートアムール　　　　　　　　　　 62.4 12.4-10.0-11.7 -7.3 13  0.0                           
061936071215105140サンマルミヤビ　　　　　　　　　　　 52.7 10.9-11.3-12.2 -7.9 12  0.0                           
061936071314105149ラブユーミー　　　　　　　　　　　　 65.4 13.0-10.0-15.3 -8.6 11  0.0                           
061936071414102814アースヴィグラス　　　　　　　　　　 23.7  5.2  6.0  7.0  4.4 24 12.3                           
061936071513105959ストライクショット　　　　　　　　　 94.1 18.4-10.0-12.6 -7.6 12  0.0                           
061936071615101491アポロアミ　　　　　　　　　　　　　  4.4  1.7 12.1 20.4 11.1 31 11.6                           
061936080114109051セブンレジェンド　　　　　　　　　　 45.2  6.8-10.0 10.0  0.7 21  0.0                           
061936080215104750グロンフォール　　　　　　　　　　　  2.8  1.2 16.2 15.0 10.4 30 19.8                           
061936080315100763ゴールドパッション　　　　　　　　　  5.8  1.6 12.0  9.3  7.0 27 12.5                           
061936080415102464レアバード　　　　　　　　　　　　　 16.7  3.0  8.9  9.3  6.1 26  0.0                           
061936080514103486タイキダイヤモンド　　　　　　　　　  2.4  1.2 15.0 27.4 14.5 35 18.1                           
061936080613102403フィールブリーズ　　　　　　　　　　 24.8  4.0 -2.9 -8.1 -3.8 16  0.0                           
061936080715100186キョウワスピネル　　　　　　　　　　 37.4  5.8-10.0-10.8 -7.0 13  0.0                           
061936080815103112ヤマタケパンチ　　　　　　　　　　　 67.9  9.7-11.3 -9.0 -6.7 13  0.0                           
061936080915104557プロトスター　　　　　　　　　　　　  7.4  1.8  5.4 14.2  6.8 27  0.0                           
061936081014105254ブレイブウォリアー　　　　　　　　　 39.1  6.0 -9.3 11.6  1.5 21  0.0  5                        
061936081115103768スズノアリュール　　　　　　　　　　 11.9  2.3  6.0  8.0  4.7 25 10.3                           
061936090116104674クィーンユニバンス　　　　　　　　　  8.3  2.3 10.0  1.8  3.7 24  7.2                           
061936090216104641シーオブザムーン　　　　　　　　　　  6.3  1.9 13.4 12.5  8.6 29 15.1                           
061936090316101779アイリスフィール　　　　　　　　　　  2.7  1.3 17.5 18.7 12.1 32 12.8  5                        
061936090416101402エピローグ　　　　　　　　　　　　　 14.8  3.2 -6.0  3.0 -0.7 19  0.0                           
061936090516104477グレイスアン　　　　　　　　　　　　  3.8  1.5 15.3 16.7 10.7 31 14.0                           
061936090616105038シトラスノキセキ　　　　　　　　　　 17.6  3.7  4.0  7.6  4.0 24  9.2                           
061936090716106316ミモザイエロー　　　　　　　　　　　  7.4  2.1  9.3 12.8  7.5 27  6.8                           
061936090816104813イルジオーネ　　　　　　　　　　　　 13.6  3.0 -8.7  4.6 -0.9 19  0.0                           
061936090916102225ランペドゥーザ　　　　　　　　　　　  9.1  2.4  1.5-15.4 -5.2 15  0.0                           
061936091016106407ゲンパチカナ　　　　　　　　　　　　 61.8 10.8-10.0-15.2 -8.6 11  0.0                           
061936100112102052エアシーラン　　　　　　　　　　　　 42.5  7.5-12.5 -6.6 -6.2 24  0.0                           
061936100215105109ミッキーボニータ　　　　　　　　　　 12.4  2.7  5.4  5.6  3.7 34  0.0                           
061936100315102841アイスフィヨルド　　　　　　　　　　  2.9  1.3 15.8 15.5 10.4 40 10.6                           
061936100415101645ソロフレーズ　　　　　　　　　　　　  4.4  1.5 14.4 14.7  9.7 40 15.1                           
061936100512110063シンボリタピット　　　　　　　　　　 33.7  6.1-10.0-12.5 -7.6 22  0.0                           
061936100613103933ヴィータファン　　　　　　　　　　　 24.6  4.6-10.0 -0.5 -3.2 27  9.2                           
061936100714102394エミーリオ　　　　　　　　　　　　　 20.5  4.0  4.2 -1.8  0.6 31  0.0                           
061936100812105635ユメノマイホーム　　　　　　　　　　 52.2  9.1 20.0 -6.4  3.7 34  0.0                           
061936100915102478ディアジラソル　　　　　　　　　　　 12.5  2.7  6.6  0.5  2.2 32 10.3  4                        
061936101014105879ベストリゾート　　　　　　　　　　　 17.3  3.5 -4.1 -5.0 -3.1 27  0.0                           
061936101115102123スズカアーチスト　　　　　　　　　　 39.6  7.1-10.4-12.0 -7.5 22  0.0  0                        
061936101215103145ナムラムツゴロー　　　　　　　　　　 22.5  4.3 10.1  0.7  3.3 33  8.7                           
061936101315105852ワールドヘリテージ　　　　　　　　　  3.1  1.3 18.0 24.9 14.5 45 14.0                           
061936110108100889ユキノアイオロス　　　　　　　　　　111.9 22.1-11.4-18.6-10.2 35  0.0                           
061936110211103191アルマエルナト　　　　　　　　　　　 11.0  2.9  2.5 12.7  5.4 50 14.5                           
061936110312105252フミノムーン　　　　　　　　　　　　 37.7  8.1 -6.0 -8.3 -4.8 40 15.0                           
061936110415110091リョーノテソーロ　　　　　　　　　　  7.1  2.2 10.8 -8.0  0.3 45  6.8                           
061936110514102698キョウヘイ　　　　　　　　　　　　　 17.5  4.2  0.7  0.3  0.3 45  9.1                           
061936110612103405ベステンダンク　　　　　　　　　　　 23.7  5.3-12.5 -8.3 -6.8 38  0.0                           
061936110711103412ナインテイルズ　　　　　　　　　　　 13.0  3.3  1.8  0.5  0.7 46  0.0                           
061936110814103009タイムトリップ　　　　　　　　　　　  4.2  1.7 13.3 28.7 14.5 60 14.0  1  162   43              
061936110911105200コスモドーム　　　　　　　　　　　　167.5 32.7-10.0-12.5 -7.6 37  0.0                           
061936111013103443オールインワン　　　　　　　　　　　 86.1 17.1-12.5 -7.9 -6.6 38  0.0                           
061936111114101520レジーナフォルテ　　　　　　　　　　  3.6  1.6 12.0  3.8  5.0 50  5.3                           
061936111215105850カイザーメランジェ　　　　　　　　　  6.7  2.1-10.0 13.6  2.0 47  8.9                           
061936111313106051ビップライブリー　　　　　　　　　　 15.1  3.7-12.5  8.8 -0.5 44  0.0  5                        
061936111414105801メイソンジュニア　　　　　　　　　　 21.5  4.9  9.9-10.1 -0.7 44  0.0                           
061936111513101315キングハート　　　　　　　　　　　　 40.4  8.6-10.0-15.3 -8.6 36  0.0                           
061936111614104515クインズサリナ　　　　　　　　　　　 12.6  3.2 12.9  1.7  4.5 49  0.0                           
061936120112102583ステラルーチェ　　　　　　　　　　　 87.8 18.3-10.4 -8.8 -6.3 24  0.0                           
061936120214102262ミスパイロ　　　　　　　　　　　　　  7.9  2.5  9.9 15.9  8.8 39  7.2                           
061936120314105232グランティエラ　　　　　　　　　　　  5.0  1.9 17.0 11.8  9.4 39  5.8                           
061936120414110043レヴァンテライオン　　　　　　　　　 88.7 18.5-11.4-10.0 -7.1 23  0.0                           
061936120513100590メンデンホール　　　　　　　　　　　 46.5 10.3-10.0 -4.7 -4.7 25  0.0                           
061936120613105511タイセイスペリオル　　　　　　　　　 22.4  5.3 -6.0 -8.3 -4.8 25 13.0                           
061936120715104371アルベルティーヌ　　　　　　　　　　  5.4  1.9 13.6  3.7  5.4 35  6.3                           
061936120815103295スリーミニオン　　　　　　　　　　　 23.6  5.5-10.0-13.0 -7.8 22  0.0                           
061936120914100370グッドヒューマー　　　　　　　　　　  3.7  1.6 15.4 22.9 13.0 43 12.8  4                        
061936121011103768アナザーバージョン　　　　　　　　　 28.8  6.6-10.0 -7.2 -5.6 24  0.0                           
061936121115103845スーパーアキラ　　　　　　　　　　　  8.2  2.6  0.6 20.4  7.7 38  7.7                           
061936121215100918トラストロン　　　　　　　　　　　　 20.4  4.9 -6.2 17.1  4.4 34  0.0                           
061936121312102736ウサギノカケアシ　　　　　　　　　　 59.2 12.5-10.0-15.3 -8.6 21  0.0                           
061936121414103585グランドガール　　　　　　　　　　　 46.2 10.2-12.5 -8.3 -6.8 23  0.0                           
061936121514110070リモンディ　　　　　　　　　　　　　 12.8  3.3 10.9  0.8  3.6 34  0.0                           
061936121614100831ヤサシサ　　　　　　　　　　　　　　  7.8  2.5 15.0  8.1  7.5 37 16.3                           
091926010116103356ジェムディーラー　　　　　　　　　　 57.7 10.2-10.9 -9.4 -6.8 -2  0.0                           
091926010216106319シゲルハートダイヤ　　　　　　　　　126.8 21.6-10.9-12.4 -7.7 -3  0.0                           
091926010316101278ラヴィテス　　　　　　　　　　　　　 36.6  6.9-10.9 -6.6 -6.0 -1  0.0                           
091926010416104516スカーレットサクラ　　　　　　　　　 41.8  7.7 -5.6  1.0 -1.8  3  0.0                           
091926010516100142アレグレモエティー　　　　　　　　　 28.5  5.5-10.9 18.7  1.6  7  0.0                           
091926010616100533タガノアリサ　　　　　　　　　　　　 31.4  6.0  7.0 -9.4 -0.3  5 17.1                           
091926010716104895ウィズリー　　　　　　　　　　　　　  3.3  1.4 15.1 18.7 11.1 16 16.4                           
091926010816105473ヴィヴァンフィーユ　　　　　　　　　  8.6  2.3  4.2  5.6  3.2  8  0.0                           
091926010916100033レイナブローニュ　　　　　　　　　　  8.1  2.2  7.9  9.9  5.9 11 12.6                           
091926011016104093グランヴィクトリア　　　　　　　　　 52.4  9.5 -8.7 -6.7 -5.2  0  0.0                           
091926011116101042マサノバルサー　　　　　　　　　　　  6.4  1.9 -3.6 20.0  4.7 10  9.6                           
091926011216106417セラールネイジュ　　　　　　　　　　 37.9  7.1-10.9 -7.0 -6.1 -1  0.0                           
091926011316103256オーシャンズルーラ　　　　　　　　　 34.5  6.5 -5.6-10.2 -5.1  0  0.0                           
091926011416101159デュアラブル　　　　　　　　　　　　  3.0  1.4 18.5 29.1 15.5 21 15.6  1  136   57              
091926011516104045アンラッシュ　　　　　　　　　　　　 16.9  3.6 -5.6  0.6 -1.9  3 11.8                           
091926011616104615スイートミーティア　　　　　　　　　 18.5  3.8  1.1  8.9  3.1  8  0.0  5                        
091926020116104188バンプファイア　　　　　　　　　　　  6.2  1.7  8.1  1.0  3.3  8  0.0                           
091926020216102895ヴェイパライズ　　　　　　　　　　　 16.2  3.1 -4.2 10.9  1.7  7  0.0  5                        
091926020316103383メイショウヒノクニ　　　　　　　　　 51.4  8.1 -5.6-17.7 -7.4 -2 22.5  0                        
091926020416102004ライワルツ　　　　　　　　　　　　　 17.8  3.3 -2.6-13.7 -5.1  0  0.0                           
091926020516110018ウルバーノ　　　　　　　　　　　　　 31.7  5.3-10.9-10.9 -7.3 -2 14.7                           
091926020616102623カフジマーキュリー　　　　　　　　　 61.1  9.3-10.9-11.5 -7.4 -2  0.0                           
091926020716100622アンフィニマン　　　　　　　　　　　 19.7  3.6 -0.2 13.3  3.9  9  8.2                           
091926020816100188シゲルクロダイヤ　　　　　　　　　　  3.5  1.4 14.7 24.9 12.9 18 16.4  2                        
091926020916103156フュラー　　　　　　　　　　　　　　 42.0  6.8 -4.1-14.2 -5.8 -1  0.0                           
091926021016103418ハッピーパラダイス　　　　　　　　　 39.1  6.3-10.9-11.8 -7.5 -3 19.8                           
091926021116101771ウェーブライダー　　　　　　　　　　 27.5  4.7  4.3  3.5  2.6  8 16.2                           
091926021216105037リトルフォレスト　　　　　　　　　　 36.5  6.0-10.3-10.2 -6.8 -2  0.0                           
091926021316102107スズカコンパス　　　　　　　　　　　 40.6  6.6-10.9 -4.6 -5.4  0  0.0                           
091926021416105111ナリタエストレジャ　　　　　　　　　 31.1  5.2 -4.1 -4.6 -2.9  2  0.0                           
091926021516100664プカナラ　　　　　　　　　　　　　　 26.6  4.5  9.1  3.8  4.5  9  0.0  5                        
091926021616104879オメガ　　　　　　　　　　　　　　　  2.3  1.2 18.2 31.0 16.0 21  8.1  1  136   57              
091926030116103718キョウエイリップル　　　　　　　　　 55.2  8.3-10.9-11.9 -7.6 -3  0.0                           
091926030216101500ケントホープ　　　　　　　　　　　　 25.9  4.3 -2.2  3.7  0.3  5  0.0                           
091926030316105829スマートマウアー　　　　　　　　　　 12.6  2.5  2.9  6.8  3.1  8  0.0                           
091926030416106500パープルカムカム　　　　　　　　　　 50.3  7.8-11.0-18.1 -9.5 -4  0.0                           
091926030516101923トウケイクレナイ　　　　　　　　　　 20.2  3.6  1.1 -4.1 -0.8  4  0.0  0                        
091926030616106133ディーズファンシー　　　　　　　　　 28.3  4.7-10.9  6.5 -2.0  3  0.0                           
091926030716102600エスペランサボス　　　　　　　　　　 63.1  9.4-10.9 -0.4 -4.1  1  0.0                           
091926030816101575サウンドシュリット　　　　　　　　　 21.7  3.7  7.9  4.0  4.1  9  0.0                           
091926030916110155ステラインアテーザ　　　　　　　　　 10.8  2.2 15.8 12.1  9.4 14 21.3  0                        
091926031016102463ジョートラジャ　　　　　　　　　　　 24.2  4.1  1.6 -8.7 -2.0  3  0.0                           
091926031116110102ファイナルドリーム　　　　　　　　　 47.9  7.5-10.9 -8.9 -6.7 -2  0.0  0                        
091926031216103258クリー　　　　　　　　　　　　　　　  4.0  1.5 17.0 11.4  9.7 15 19.6                           
091926031316100176アイファーハニー　　　　　　　　　　 35.3  5.7-10.8-20.0-10.0 -5  0.0                           
091926031416101784グランツシチー　　　　　　　　　　　 33.2  5.4 -3.3-15.1 -5.7 -1 29.7  0                        
091926031516104126ミユキメガバックス　　　　　　　　　  2.0  1.2 21.0 26.1 15.5 21 15.0  2                        
091926031616101630ミキノモンテカルロ　　　　　　　　　 16.9  3.1 -4.1 -0.2 -1.6  3  0.0                           
091926040116104798シェルメール　　　　　　　　　　　　 47.9  8.8-10.9-10.2 -7.1 -2  0.0                           
091926040216102474ナリタムソウ　　　　　　　　　　　　 69.0 12.1 -5.1-13.0 -5.8 -1  0.0                           
091926040316105289プロム　　　　　　　　　　　　　　　 24.5  4.8  1.1 -2.4 -0.3  5 26.9                           
091926040416102955マリノフロンティア　　　　　　　　　 55.1  9.8-10.9-10.7 -7.2 -2  0.0                           
091926040516102001ローザンヌ　　　　　　　　　　　　　 10.7  2.5 12.1 11.0  7.7 13 12.6  5                        
091926040616105045トップアスリート　　　　　　　　　　 14.8  3.2 -5.6 11.4  1.4  6  0.0                           
091926040716100555レッドヴィータ　　　　　　　　　　　  5.2  1.7 11.5 19.0  9.9 15 21.3                           
091926040816104356クロランサス　　　　　　　　　　　　  2.5  1.3 19.7 24.9 14.7 20 15.0                           
091926040916102812ナムラシェパード　　　　　　　　　　 56.6 10.0 -6.9-17.7 -7.8 -3  0.0  0                        
091926041016110008ミッドサマーハウス　　　　　　　　　 21.0  4.3 -3.0 13.7  3.0  8  0.0                           
091926041116106228アナザーラブソング　　　　　　　　　 14.2  3.1 -5.6  0.7 -1.8  3  0.0                           
091926041216104682フランクリン　　　　　　　　　　　　  4.4  1.6  9.1  9.9  6.3 11  8.8                           
091926041316105260デルマロンシャン　　　　　　　　　　 80.1 13.9-10.9-10.5 -7.1 -2  0.0                           
091926041416104433キタサンブラウン　　　　　　　　　　 16.9  3.6 -2.8  7.4  1.2  6  0.0                           
091926041516110071エスカレードフジ　　　　　　　　　　 55.1  9.8-10.9-11.9 -7.6 -3  0.0                           
091926041616103683ファーマトパーズ　　　　　　　　　　 78.2 13.6-10.9-15.1 -8.5 -4  0.0  0                        
091926041716102030ロロペニ　　　　　　　　　　　　　　103.0 17.7-10.9-15.1 -8.5 -4  0.0  0                        
091926041816105761オールドボンバー　　　　　　　　　　 79.6 13.8-10.9-11.9 -7.6 -3  0.0                           
091926050116110131ピアシック　　　　　　　　　　　　　 13.4  2.8 -4.1-11.4 -4.9 15  0.0                           
091926050216100133ハクユウフライヤー　　　　　　　　　104.0 16.3-10.9-15.2 -8.6 11  0.0  0                        
091926050316110036カーンテソーロ　　　　　　　　　　　 31.4  5.5  5.8 -2.2  1.5 21  0.0                           
091926050416100418シンゼンブースター　　　　　　　　　 17.8  3.5  1.1  7.1  2.5 23  0.0  5                        
091926050516104876タイセイビルダー　　　　　　　　　　 30.8  5.4 -4.1  6.7  0.5 21  0.0                           
091926050616105601ペガサス　　　　　　　　　　　　　　 47.0  7.9 -5.6-11.3 -5.4 15  0.0                           
091926050716101615ウォーターファラオ　　　　　　　　　 16.4  3.2-10.9-10.9 -7.3 13  0.0                           
091926050816110070ララクリュサオル　　　　　　　　　　  3.1  1.4 17.4 21.5 12.8 33 19.6                           
091926050916104506クリスタルオーブ　　　　　　　　　　 61.3  9.9-11.4-15.1 -8.7 11  0.0  0                        
091926051016102924ペプチドオリバー　　　　　　　　　　 27.6  4.9-10.9-10.2 -7.1 13  0.0                           
091926051116105188レッドルゼル　　　　　　　　　　　　  2.7  1.3 21.8 17.4 13.2 33 18.0                           
091926051216105316サンライズハイアー　　　　　　　　　 70.1 11.2 -0.2 -6.9 -2.1 18  0.0                           
091926051316102749ガンケン　　　　　　　　　　　　　　  8.4  2.1 11.6 16.0  9.1 29 11.7                           
091926051416106577テーオーキャンディ　　　　　　　　　 11.9  2.5  8.0 13.9  7.1 27  8.8                           
091926051516102009キララアモーレ　　　　　　　　　　　 62.0 10.0-10.9 -5.6 -5.7 14  0.0                           
091926051616102194メイショウヤシャ　　　　　　　　　　 15.1  3.0 -5.6  8.9  0.6 21  8.2                           
091926060114105638クレスコブレイブ　　　　　　　　　　 48.2  9.2 -5.9-18.1 -7.6 12 18.0                           
091926060214103577メイショウテンシャ　　　　　　　　　  5.2  1.7  8.7 15.8  7.9 28 10.3                           
091926060314110026タピゾー　　　　　　　　　　　　　　  5.1  1.7  9.5 23.0 10.4 30  9.6                           
091926060413105566ミラクルユニバンス　　　　　　　　　 25.5  5.2-11.4-15.2 -8.7 11  0.0  0                        
091926060515103949パキュートハート　　　　　　　　　　  2.6  1.3 18.4 11.3 10.1 30 18.0                           
091926060614103165スマートウェールズ　　　　　　　　　 13.2  3.0  5.9  0.6  2.3 22  0.0                           
091926060715102604ワイルドシング　　　　　　　　　　　 11.5  2.7  6.5 13.9  6.6 27  0.0  5                        
091926060815103227マンナム　　　　　　　　　　　　　　  8.8  2.4  4.2 31.3 10.9 31 13.5                           
091926060914100586ブリッツシュラーク　　　　　　　　　  4.9  1.7  1.8 15.0  5.2 25  6.2  5                        
091926061014101899エスプリゾーン　　　　　　　　　　　 23.6  4.8 -7.7-17.7 -8.1 12 11.3  0                        
091926070115104381ピエナミント　　　　　　　　　　　　  4.3  1.8  1.1 17.0  5.5 26 18.0  1  126   58              
091926070214105497ルーズベルトゲーム　　　　　　　　　 32.0  7.5-11.4-10.2 -7.2 13  0.0                           
091926070315102186サイエン　　　　　　　　　　　　　　 41.5  9.6-10.9-10.2 -7.1 13  0.0                           
091926070415105027タイセイグランツ　　　　　　　　　　 42.2  9.7-10.9-11.9 -7.6 12  0.0                           
091926070514104076ジョーアラビカ　　　　　　　　　　　  5.5  2.0 13.4 18.5 10.5 30 17.8                           
091926070615104818レッドシャーロット　　　　　　　　　 14.9  3.9 -5.6  8.9  0.6 21 17.1  5                        
091926070715104312シーシャンティ　　　　　　　　　　　 14.3  3.8 -4.1 -6.8 -3.5 16  0.0                           
091926070815101498ジスモンダ　　　　　　　　　　　　　170.7 36.4 -9.7-10.5 -6.7 13  0.0                           
091926070913102427サンライズクロンヌ　　　　　　　　　 37.4  8.7-10.9 -5.0 -5.5 15  0.0                           
091926071015102372ロードマドリード　　　　　　　　　　  7.4  2.5  9.9  6.6  5.6 26 22.9  0                        
091926071115103010ペプチドオーキッド　　　　　　　　　 14.8  3.9 17.2-10.2  3.2 23  0.0                           
091926071215102558トウカイオルデン　　　　　　　　　　 24.7  6.0 -2.5  8.5  1.6 22  0.0                           
091926071313105451オーダードリブン　　　　　　　　　　  5.1  1.9  6.8 13.2  6.5 26  6.2  5                        
091926071415104974ブレイニーラン　　　　　　　　　　　  7.7  2.5 12.5 12.9  8.5 28  0.0                           
091926071515102749エアマスカーニ　　　　　　　　　　　  7.6  2.5 -5.6 14.2  2.2 22  0.0                           
091926080113103297メイショウヤクシマ　　　　　　　　　  6.2  2.0 12.1 17.7  9.7 40 10.8                           
091926080215103366ミッキーマインド　　　　　　　　　　 12.2  3.0 13.7  6.0  6.8 37  0.0                           
091926080315100862ハゼル　　　　　　　　　　　　　　　  8.1  2.4  7.9 16.9  8.0 38  0.0                           
091926080413102978ローデルバーン　　　　　　　　　　　127.5 24.1-10.9-10.2 -7.1 23  0.0                           
091926080513102881リヴァイバル　　　　　　　　　　　　 45.7  9.3-10.9-10.9 -7.3 23  0.0                           
091926080615110028アメリカンファクト　　　　　　　　　  8.0  2.4  9.7  6.0  5.4 35 10.3                           
091926080715110068カミノコ　　　　　　　　　　　　　　 34.1  7.1 -5.6 -5.1 -3.6 26  0.0                           
091926080815103048スズカフェスタ　　　　　　　　　　　 17.2  4.0 -5.6-17.7 -7.4 23  0.0  0                        
091926080914102973メイショウギガース　　　　　　　　　  6.5  2.0  2.8 13.0  4.9 35  6.7                           
091926081014101308テイエムグッドマン　　　　　　　　　  2.6  1.4 19.3 16.4 12.0 42  8.1                           
091926081113103756セルバンテスカズマ　　　　　　　　　 23.2  5.0 -2.4-10.3 -4.0 26 18.0                           
091926081214105925ザクイーン　　　　　　　　　　　　　 75.0 14.4 -8.7-15.2 -7.8 22  0.0  0                        
091926081314102562アーバンイェーガー　　　　　　　　　 16.9  3.9 -9.7 -7.6 -5.8 24 15.3                           
091926081415110011ソウルセイバー　　　　　　　　　　　 52.1 10.5-10.9-14.5 -8.3 22  0.0  0                        
091926081514100120クリノキング　　　　　　　　　　　　 20.2  4.5  8.5-11.5 -0.3 30 25.9                           
091926081614103994ララメダイユドール　　　　　　　　　 45.8  9.3-10.9-12.8 -7.8 22  0.0                           
091926090116103263ルタンブル　　　　　　　　　　　　　 22.9  4.0  0.4 -0.3  0.1 45 16.2                           
091926090216103188カグラヒメ　　　　　　　　　　　　　 14.7  2.8-10.9-12.6 -7.8 37  0.0                           
091926090316104428テイクザヘルム　　　　　　　　　　　  7.1  1.8 11.8  5.8  6.1 51 12.6                           
091926090416101780キュールエミヤビ　　　　　　　　　　 32.6  5.4-10.9 -5.8 -5.7 39  0.0                           
091926090516102636ラシェーラ　　　　　　　　　　　　　  6.5  1.7  3.1  7.1  3.3 48  6.7                           
091926090616105198ランブリングアレー　　　　　　　　　  3.9  1.4 16.4 22.7 12.8 58 19.6                           
091926090716104648ラヴズオンリーユー　　　　　　　　　  2.1  1.2 21.8 23.8 15.1 60 15.0                           
091926090816104533フィブロライト　　　　　　　　　　　  9.4  2.2  1.2  1.5  0.9 46  0.0                           
091926090916104745キラープレゼンス　　　　　　　　　　 11.2  2.3 -0.2  6.4  1.8 47  0.0                           
091926100114104351ヤマカツグレース　　　　　　　　　　 19.7  4.2-11.4 15.8  0.6 36  0.0                           
091926100213101729タガノジーニアス　　　　　　　　　　 49.2  9.2-11.4-10.2 -7.2 28  0.0                           
091926100314106036トゥザクラウン　　　　　　　　　　　  3.2  1.4 11.8 20.8 10.6 46  8.1  2                        
091926100414102185ジョイフル　　　　　　　　　　　　　  5.2  1.7 10.4 12.7  7.6 43 21.3                           
091926100514102036ボンセルヴィーソ　　　　　　　　　　 10.8  2.6  9.5  4.6  4.9 40 17.2                           
091926100612100560テルメディカラカラ　　　　　　　　　 31.5  6.2-10.9 -9.4 -6.8 28  0.0                           
091926100715104675アンブロジオ　　　　　　　　　　　　 15.8  3.5  5.8  8.1  4.6 40 13.2                           
091926100814104304デスティニーソング　　　　　　　　　 37.6  7.2 -5.9 -8.7 -4.8 30 18.9                           
091926100915103317タイキサターン　　　　　　　　　　　  8.8  2.4 -0.9  6.4  1.6 37 12.6                           
091926101014106012ハウメア　　　　　　　　　　　　　　  3.4  1.4 19.3  8.7  9.7 45  0.0                           
091926101114103032グランドロワ　　　　　　　　　　　　 15.5  3.4  1.5  0.7  0.8 36  0.0                           
091926101213105681スワーヴアーサー　　　　　　　　　　 11.7  2.7 -8.1  8.9 -0.3 35  0.0  5                        
091926110116105068シェーングランツ　　　　　　　　　　 15.9  3.6  5.8-14.5 -2.2 58  0.0                           
091926110216104310エールヴォア　　　　　　　　　　　　 28.3  5.8 -5.6  4.9 -0.6 59 14.0                           
091926110316104827ノーブルスコア　　　　　　　　　　　 17.8  4.0-10.3 -6.3 -5.7 54  0.0                           
091926110416104750クロノジェネシス　　　　　　　　　　  4.2  1.5 16.9 14.0 10.4 70 19.6                           
091926110516104486ルガールカルム　　　　　　　　　　　 45.3  8.9 -9.7-10.5 -6.7 53 19.8                           
091926110616105502ホウオウカトリーヌ　　　　　　　　　 74.7 13.9-11.4-10.5 -7.3 53  0.0                           
091926110716104721アウィルアウェイ　　　　　　　　　　 61.8 11.6 -5.6  6.4 -0.1 60  0.0                           
091926110816104532グランアレグリア　　　　　　　　　　  4.4  1.6 11.6 18.5  9.8 70 21.3                           
091926110916104899アクアミラビリス　　　　　　　　　　  8.1  2.3  1.1  6.3  2.3 62  0.0                           
091926111016104604フィリアプーラ　　　　　　　　　　　 64.7 12.1 -9.7-10.5 -6.7 53  0.0                           
091926111116102032メイショウケイメイ　　　　　　　　　150.7 27.3-10.9 -7.1 -6.1 54  0.0                           
091926111216106064ノーワン　　　　　　　　　　　　　　 90.7 16.7-10.9-11.8 -7.5 52  0.0                           
091926111316100794ジュランビル　　　　　　　　　　　　145.3 26.4-11.4-10.2 -7.2 53  0.0                           
091926111416104829ビーチサンバ　　　　　　　　　　　　 12.8  3.0  1.2  9.7  3.3 63  0.0                           
091926111516104867ダノンファンタジー　　　　　　　　　  2.9  1.4 17.8 29.1 15.3 75 12.6  1  136   57              
091926111616102775シゲルピンクダイヤ　　　　　　　　　 23.6  5.0  7.9  2.9  3.8 64  0.0                           
091926111716104670レッドアステル　　　　　　　　　　　 31.1  6.3-10.9-10.5 -7.1 53  0.0                           
091926111816105009プールヴィル　　　　　　　　　　　　 44.2  8.7 -4.1-14.8 -5.9 54  0.0  0                        
091926120111102525ディープミタカ　　　　　　　　　　　 50.9  9.6-11.4 -8.7 -6.8 28  0.0                           
091926120215104571グレートタイム　　　　　　　　　　　  2.6  1.3 20.0 18.9 13.0 48 15.0                           
091926120314102860リテラルフォース　　　　　　　　　　  4.6  1.7 18.0  9.6  9.5 44  8.8                           
091926120413102819メイショウカマクラ　　　　　　　　　 65.6 11.8-10.9-10.2 -7.1 28  0.0                           
091926120515103766クリノヒビキ　　　　　　　　　　　　 32.3  6.3-10.9-11.5 -7.4 28  0.0                           
091926120614104735フィールドセンス　　　　　　　　　　 13.0  3.0  3.9  1.4  1.9 37  0.0                           
091926120712104401マルカウォーレン　　　　　　　　　　 20.0  4.2-10.9 -2.9 -4.9 30  0.0                           
091926120815103249ノーウェイ　　　　　　　　　　　　　 16.8  3.7 -0.2  9.3  2.7 38  0.0                           
091926120912100801テイエムジョウネツ　　　　　　　　　 23.2  4.7  1.2  7.4  2.7 38 18.0                           
091926121015106491テーオーフォース　　　　　　　　　　 13.7  3.1 -3.3  6.5  0.7 36 15.3                           
091926121114105947シロニイ　　　　　　　　　　　　　　  7.4  2.1  8.7  4.6  4.6 40  6.7  5                        
091926121214100576フリーフリッカー　　　　　　　　　　  8.3  2.3 11.6 18.3  9.7 45 22.9  1  116   69              
091926121315103368グアン　　　　　　　　　　　　　　　  9.3  2.5  3.8  0.6  1.6 37  0.0                           
091926121412100591コンセギール　　　　　　　　　　　　 62.6 11.3-10.9-14.2 -8.3 27  0.0                           
