0619330101낸2019032710710416147138128 21 15 23 60             
0619330102낸2019032710230244141124129 24 27 21 63             
0619330103낸2019032710230215141132131 25 21 21 62             
0619330104낸2019032700130214148139127 19 14 24 59             
0619330105뒞2019032110720945156138131 10 14 18 452  3A3       
0619330106뒞2019032800130234153147151 12  3  0 11             
0619330107낸2019032700120914150138128 17 11 23 53             
0619330108낸2019032710230214146135135 20 14 17 43             
0619330109낸2019032710210415151136140 15 16 12 39             
0619330110낸2019032710210414143121131 23 31 21 66             
0619330111낸2019032710710414135134127 33 20 24 7421 510       
0619330112낸2019032710230214142131132 24 24 20 5933 305       
0619330113낸2019032710220924140135129 26 17 23 57             
0619330114낸2019032700130214147133128 20 16 23 6011 3A3       
0619330115낸2019032700110414140133130 27 15 21 6023 3A3       
0619330116낸2019032711030245146126119 17 19 25 6022 3A3       
0619330201낸2019032700120914156134126 11 14 25 5533 3A3       
0619330202낸2019032700120914144136128 23 12 23 5823 3A3       
0619330203낸2019032710220914141142133 25 11 19 4511 3A3       
0619330204낸2019032700121014142130131 25 23 20 66             
0619330205낸2019032710230235150132127 15 18 23 5613 410       
0619330206낸2019032710210414147140135 19 12 17 4031 3A3       
0619330207낸2019032710230215152130134 14 23 18 5323 3A3       
0619330208낸2019032710210415146134129 20 20 23 6123 405       
0619330209낸2019032710210415149124129 17 26 23 6521 3A3       
0619330210낸2019032700121034152136123 14 11 26 5611 3A3       
0619330211낸2019032710230214146129133 20 25 19 5623 3A3       
0619330212낸2019032700130244157150132  9  0 17 2923 3A3       
0619330213낸2019032710220944140135136 25 18 14 45             
0619330214낸2019032700110414147130127 20 20 24 65             
0619330215낸2019032710710444150134128 17 18 21 5821 3A3       
0619330216낸2019032710210415148142132 18 10 20 4533 305       
0619330301낸2019032710220914141128129 25 24 23 6422 410       
0619330302낸2019032710710436150135136 17 18 13 47             
0619330303낸2019032711030215145125124 19 21 22 59             
0619330304낸2019032700130214136128133 31 20 18 6422 3         
0619330305낸2019032700130214147130128 20 23 23 67             
0619330306뒞2019032800110434142132130 23 18 17 56             
0619330307낸2019032710230215151128131 15 24 21 5923 3A3       
0619330308낸2019032700130214158132128  9 21 23 58             
0619330309낸2019032710230234144126124 21 25 26 6711 3A3       
0619330310낸2019032700110414128120140 39 28 11 6712 3OP       
0619330311낸2019032710230215150140141 16 12 11 3322 3A3       
0619330312낸2019032700110434155136127 11 16 22 53             
0619330313낸2019032710710445150138126 17 14 23 5723 3A3       
0619330314낸2019032710220915154139127 12 16 25 55             
0619330315낸2019032710220915148131131 18 22 21 59             
0619330316낸2019032710210454132136129 33 17 21 59             
0619330401佳01903290B1 16 0                                  
0619330402낸2019032700120914139140137 28  9 14 4522 610       
0619330403낸2019032700130234149128128 17 20 21 59             
0619330404낸2019032700120914154132125 13 17 26 6123 405       
0619330405낸2019032700130234149133130 17 14 19 5123 405       
0619330406낸2019032710230234141138132 24 15 18 4712 8A3       
0619330407낸2019032701120944152142126 13  8 20 43             
0619330408낸2019032710230235146134128 19 18 22 57             
0619330409낸2019032701130214136128129 30 23 19 67             
0619330410낸2019032710230215152137131 14 16 21 5123 3A3       
0619330411낸2019032700130244152136129 14 13 20 49             
0619330412낸2019032710210414141134133 25 21 19 55             
0619330413낸2019032700110414149132131 18 21 20 59             
0619330414낸2019032710230234143133131 22 20 19 5221 305       
0619330415낸2019032710220915150142133 16 11 19 44             
0619330416뒞2019032810210435156138129  8 11 20 4111 3         
0619330501낸2019032700130244148136124 18 12 25 57             
0619330502낸2019032710210434151130128 14 23 22 5532 3A3       
0619330503낸2019032700110414145135133 22 14 18 5232 3A3       
0619330504낸2019032710210454142130133 23 22 17 5212 510       
0619330505낸2019032700130214159140128  8 13 23 50             
0619330506낸2019032710220915136128127 30 24 25 7422 3A3       
0619330507낸2019032710210416148142137 18 10 15 4232 3         
0619330508낸2019032711021035150130128 13 16 16 4323 510       
0619330509佳01903290A1 16 0                                  
0619330510낸2019032710210414157130134  9 24 18 4713 3A3       
0619330511낸2019032710221014134126129 32 26 23 7033 3A3       
0619330512낸2019032711030215146130123 18 16 23 55             
0619330513낸2019032711030215142131118 22 16 28 6523 505       
0619330514낸2019032710210415144124127 22 28 25 7321 3A3       
0619330515낸2019032710230215150134131 16 18 21 5423 3A3       
0619330601낸2019032710220935142132133 23 20 17 5422 416       
0619330602낸2019032711020946148136121 15 10 23 51             
0619330603낸2019032710230215145139132 21 14 20 51             
0619330604낸2019032700130214139134124 28 19 27 73             
0619330605낸2019032710230234141133131 24 20 19 5421 710       
0619330606낸2019032710230214147128133 19 27 19 57             
0619330607낸2019032700110414139131134 28 17 17 5733 3A3       
0619330608낸2019032710230255156132129  9 21 21 52             
0619330609낸2019032710211034143133131 22 21 19 5323 3A3       
0619330610낸2019032700110434143133120 23 19 29 73             
0619330611낸2019032700130244150136129 16 16 20 53             
0619330612낸2019032710710415148134124 20 19 27 6922 405       
0619330613낸2019032700120914138138137 29 15 14 52             
0619330614낸2019032710230214148142131 18 10 21 43             
0619330615낸2019032700120934153135123 13 12 26 5623 3A3       
0619330616낸2019032710210415140140131 26 15 21 5611 305       
0619330701낸2019032711230216152128133 16 24 14 52             
0619330702낸2019032710230214153131130 13 24 22 5523 505       
0619330703낸2019032710710415142124147 26 30  4 51             
0619330704낸2019032700110434140137131 26 15 18 55             
0619330705낸2019032701130214131129131 35 22 17 66             
0619330706낸2019032701130214146134125 20 17 23 60             
0619330707낸2019032710230215146132131 20 22 21 60             
0619330708낸2019032700130244150134132 16 14 17 4723 3A3       
0619330709낸2019032710230235143130132 22 22 18 57             
0619330710佳01903290A1 16 0                                  
0619330711낸2019032710220945146131128 19 19 22 58             
0619330712낸2019032710230235152135132 13 18 18 48             
0619330713낸2019032700130244151133128 15 19 21 57             
0619330801낸2019032700130234153143124 13  9 25 51             
0619330802낸2019032710730215158145130 10  9 21 45             
0619330803낸2019032700130214153135130 14 18 21 55             
0619330804낸2019032700130214139126129 28 27 22 74             
0619330805낸2019032700130214140131131 27 22 20 66             
0619330806낸2019032710230215154128119 12 21 33 7112 410       
0619330807낸2019032710230214144136128 22 16 24 56             
0619330808낸2019032711010436146134117 17 11 27 59             
0619330809뒞2019032810710447144134127 21 16 20 57             
0619330810낸2019032700130234141129128 25 23 21 67             
0619330811낸2019032710230215152128127 14 27 25 6723 3OP       
0619330812낸2019032711030214142130122 22 17 24 56             
0619330813佳01903290B1 16 0                                  
0619330814낸2019032700110414148130135 19 23 16 56             
0619330815낸2019032700130214144129132 23 24 19 64             
0619330901낸2019032710230214152129127 14 23 25 5923 305       
0619330902낸2019032701120914139130131 27 21 17 60             
0619330903낸2019032710230234152129127 13 22 23 5423 305       
0619330904낸2019032711230246142144124 25  8 21 5212 3         
0619330905낸2019032711210416145132124 23 19 23 6411 610       
0619330906낸2019032710230235150134127 15 20 23 58             
0619330907낸2019032710230215158130128  8 19 24 54             
0619330908낸2019032710210414140122127 26 29 25 722  4OP       
0619331001낸2019032701130214152126125 14 25 23 65             
0619331002낸2019032710230215158128128  8 22 24 57             
0619331003낸2019032710230235148133123 17 18 27 63             
0619331004낸2019032700120924147140122 20 13 29 65             
0619331005낸2019032700120914141132130 26 21 21 66             
0619331006낸2019032710220914142128124 24 27 28 73             
0619331007낸2019032701130214167132125  0 19 23 51             
0619331008낸2019032710730215151138124 17 16 27 65             
0619331009낸2019032710230244151130123 14 23 27 62             
0619331101낸2019032711220916156128121 12 25 26 67             
0619331102낸2019032701121014143128120 23 23 28 75             
0619331103낸2019032710220935150128124 15 26 26 68             
0619331104낸2019032700121014149129121 18 24 30 76             
0619331105낸2019032711630235140123130 24 17  8 42             
0619331106낸2019032711210416139124124 29 27 23 76             
0619331107낸2019032711210416143130119 25 23 28 7711 305       
0619331108낸2019032710230235147132128 18 20 22 5823 416       
0619331109낸2019032710230245148134128 17 18 22 5623 505       
0619331110낸2019032710230234145128126 20 23 24 62             
0619331111낸2019032711210436150128117 17 24 28 72             
0619331112낸2019032710220914147136123 19 14 29 59             
0619331113낸2019032701121014144126124 22 21 24 6711 3A3       
0619331114낸2019032701130214151137120 15 14 28 61             
0619331115낸2019032701130214146128124 20 23 24 68             
0619331116낸2019032710230236155136133 10 15 17 44             
0619331201낸2019032710210426149132129 17 21 23 6311 610       
0619331202낸2019032710230214141134131 25 19 21 5623 3A3       
0619331203낸2019032711210416131134137 37 19 10 54             
0619331204낸2019032710210415146132131 20 23 21 6121 305       
0619331205낸2019032711030215156134124  8 13 22 45             
0619331206낸2019032710730215146134129 22 19 22 632  505       
0619331207낸2019032700130214157134127 10 19 24 58             
0619331208낸2019032700130214140124131 27 29 20 73             
0619331209낸2019032710210414141135131 25 20 21 5723 305       
0619331210낸2019032710210415148128130 18 26 22 64             
0619331211낸2019032711030215150138120 14  8 26 5022 3         
0619331212낸2019032711210446152140131 15 12 14 40             
0619331213낸2019032700110414134127128 33 26 23 78             
0619331214낸2019032710230215145130132 21 24 20 61             
0619331215낸2019032710230215153133136 13 21 16 48             
0619331216낸2019032710210415142130129 24 22 23 66             
0919230101낸2019032701130214151146136 15  5 12 30             
0919230102佳01903290A1 16 0                                  
0919230103佳01903290A1 16 0                                  
0919230104낸2019032711210416145127126 23 25 21 67             
0919230105낸2019032701130214142135128 24 11 20 5312 3         
0919230106낸2019032701120924145133129 21 18 19 56             
0919230107낸2019032701120914150134122 16 12 26 5713 3OP       
0919230108낸2019032701130214151140141 15 11  7 29             
0919230109낸2019032711210416151129134 17 23 13 50             
0919230110낸2019032701110414151127129 15 19 19 5411 3         
0919230111낸2019032701130214165144129  1  3 19 2922 3A3       
0919230112낸2019032701110414141135128 25 16 20 58             
0919230113낸2019032701130214148146142 18  5  6 23             
0919230201낸2019032701110414139132127 27 19 21 64             
0919230202낸2019032701130214144130131 22 21 17 57             
0919230203낸2019032701120934145134128 20 11 18 481  3         
0919230204낸2019032711210416148125126 20 28 21 6921 3A3       
0919230205낸2019032701110414136128125 30 23 23 72             
0919230206낸2019032711210416149124129 19 29 18 64             
0919230207낸2019032701110414144130130 22 21 18 59             
0919230208낸2019032701121014140132124 26 19 24 67             
0919230209낸2019032701130234144129120 21 16 26 6411 305       
0919230210낸2019032701121014153134126 13 17 22 55             
0919230211낸2019032711230215154142133 14 11 14 32             
0919230212낸2019032701120914162144129  4  2 19 3023 3A3       
0919230213낸2019032701130214138128140 28 23  8 50             
0919230214낸2019032701110444140122129 25 24 17 6211 410       
0919230215낸2019032701121034146135126 19 15 20 54             
0919230216낸2019032701120914141132126 25 19 22 64             
0919230301낸2019032701130214151146134 15  5 14 33             
0919230302낸2019032711730235156129119  7 19 20 4823 3A3       
0919230303낸2019032701130214154140131 12 11 17 41             
0919230304낸2019032711230245149128124 18 24 21 57             
0919230305낸2019032701120914137132124 29 19 24 69             
0919230306낸2019032701110414147132123 19 14 25 6031 3A3       
0919230307낸2019032701110414156132128 10 15 20 4833 405       
0919230308낸2019032701120914150133131 16 13 17 4633 3A3       
0919230309낸2019032701130214164135127  2 16 21 46             
0919230310낸2019032701120934140124130 25 22 16 5911 605       
0919230311낸2019032711230216154136123 14 17 24 5923 305       
0919230312낸2019032711230235154132120 13 20 25 5512 4A3       
0919230313낸2019032701110444155136120 10 14 26 56             
0919230314낸2019032701120914150130125 16 17 23 5823 3A3       
0919230315낸2019032701110414143128124 23 18 24 6522 3A3       
0919230316낸2019032711210446142134124 25 16 21 6021 3         
0919230401낸2019032711710415138127118 26 22 23 67             
0919230402낸2019032701120914145129130 21 17 18 543  3         
0919230403낸2019032701130234145136124 20  9 22 5133 510       
0919230404낸2019032711220936149128126 18 24 19 60             
0919230405낸2019032711230216156137125 12 16 22 54             
0919230406낸2019032711210416143137123 25 16 24 63             
0919230407낸2019032701110414145130125 21 21 23 65             
0919230408낸2019032711210436146136127 21 16 18 53             
0919230409낸2019032711230236146136124 21 16 21 58             
0919230410낸2019032711210415154146126 14  7 21 3711 3         
0919230411낸2019032711210455140129134 27 22 11 46             
0919230412낸2019032701130214146134130 20 13 18 4911 3OP       
0919230413낸2019032701110414150135120 16 16 28 64             
0919230414낸2019032701130214151132125 15 19 23 59             
0919230415낸2019032711210436146134123 21 17 22 5921 3A3       
0919230501낸2019032701120914139136129 27 11 19 5312 3A3       
0919230502낸2019032711210436149136121 18 16 24 59             
0919230503낸2019032701120914142128124 24 23 24 70             
0919230504낸2019032711220936151132122 16 19 23 6033 3OP       
0919230505낸2019032711230235154130121 13 22 24 55             
0919230506낸2019032701110414152132123 14 19 25 62             
0919230507낸2019032711210436147130119 20 21 26 6811 3A3       
0919230508낸2019032711420935156142125 13 11 17 42             
0919230509낸2019032711210435157137120 10 15 25 4933 3OP       
0919230601낸2019032711230216152130122 16 20 25 6431 3OP       
0919230602낸2019032701110444144124124 21 22 22 6521 510       
0919230603낸2019032701130214152132127 14 19 21 56             
0919230604낸2019032701130214139129127 27 22 21 67             
0919230605낸2019032701110414141124131 25 22 17 6032 3A3       
0919230606낸2019032701110414143128125 23 19 23 6413 3A3       
0919230607낸2019032711210436149136124 18 16 21 55             
0919230608낸2019032711210416145132122 23 21 25 69             
0919230609낸2019032701110414143132132 23 19 16 54             
0919230610낸2019032711210414143128119 25 24 28 64             
0919230701낸2019032701110414147132123 19 19 25 65             
0919230702낸2019032711210436146126129 21 24 16 58             
0919230703佳01903290B1 16 0                                  
0919230704낸2019032701110414149130126 17 16 22 5631 405       
0919230705낸2019032701110414146137127 20 14 21 55             
0919230706낸2019032701110414146128126 20 18 22 6011 3A3       
0919230707낸2019032701110414141123130 25 24 18 6321 410       
0919230708낸2019032701120914149136128 17 15 20 52             
0919230709낸2019032701120914141131131 25 20 17 58             
0919230710낸2019032701121014141126126 25 20 22 652  3A3       
0919230711낸2019032701121014146134125 20 17 23 60             
0919230712낸2019032711230215144136126 24 15 21 51             
0919230713낸2019032711210436147128123 20 22 22 64             
0919230714낸2019032711430216139125115 31 29 29 88             
0919230715낸2019032701130214141127121 25 24 27 76             
0919230716낸2019032711210416142131126 26 21 21 6531 616       
0919230801낸2019032700110434158133133  8 14 16 4133 410       
0919230802낸2019032710230235154140125 11 14 25 52             
0919230803낸2019032711230236146129129 21 23 16 5813 416       
0919230804낸2019032711830235154128128 16 15 14 43             
0919230805낸2019032700130234147140135 19 12 14 43             
0919230806낸2019032701110444148135123 17 15 23 57             
0919230807낸2019032700130244144132133 22 15 16 5023 6A3       
0919230808낸2019032711230215150128127 18 23 20 54             
0919230809낸2019032711410416139124125 31 27 19 72             
0919230810낸2019032711230216151128125 17 25 22 65             
0919230811낸2019032711830235168126121  2 17 20 47             
0919230812낸2019032711230236146138130 21 13 15 46             
0919230813낸2019032700130234151139134 15 13 15 43             
0919230814낸2019032701130214148128127 18 23 21 62             
0919230901낸2019032701110414152128124 14 23 24 64             
0919230902낸2019032711210416146130128 22 23 19 62             
0919230903낸2019032701121034153127124 12 18 22 5512           
0919230904낸2019032711230234141135118 26 17 27 5622 3A3       
0919230905낸2019032711230236150124132 17 28 13 55             
0919230906낸2019032701120914138128132 28 19 16 5722 405       
0919230907낸2019032701121014145128121 21 18 27 6811 7OP       
0919230908낸2019032711210416152136124 16 16 23 57             
0919230909낸2019032711230236138128126 29 22 19 65             
0919231001낸2019032710230214163128120  3 27 32 66             
0919231002낸2019032701130214143136124 23 15 24 62             
0919231003낸2019032701130244145136123 20 10 23 5313 3A3       
0919231004낸2019032701110414145128125 21 23 23 67             
0919231005낸2019032701110434147132124 18 18 22 59             
0919231006낸2019032711230236150133121 17 18 24 61             
0919231007낸2019032701110414147132125 19 15 23 5811 3A3       
0919231008낸2019032701121034150131122 15 14 24 5612 6OP       
0919231009낸2019032700120944152130127 14 22 22 61             
0919231010佳01903290A1 16 0                                  
0919231101낸2019032701110414148130124 18 17 24 6111 516       
0919231102낸2019032701110414136126123 30 25 25 77             
0919231103낸2019032701110434145125127 20 20 19 5811 716       
0919231104낸2019032701130214152134132 14 17 16 47             
0919231105낸2019032710230245142133128 23 20 22 6123 3OP       
0919231106낸2019032701130214136123129 30 28 19 72             
0919231107낸2019032701110414138128126 28 23 22 70             
0919231108낸2019032701121034148125126 17 25 20 62             
0919231109낸2019032701120914142131120 24 20 28 73             
0919231110낸2019032701121014154130124 12 16 24 5611 3OP       
0919231111낸2019032711720916139128116 25 21 25 71             
0919231112낸2019032711210416150134130 18 17 17 51             
0919231113낸2019032710230235150138127 15 16 23 54             
0919231114낸2019032711210416141133128 27 20 19 62             
0919231115낸2019032701130214156150145 10  1  3 10             
0919231116낸2019032701110414142133128 24 18 20 60             
0919231201낸2019032701110414139121133 27 25 15 6231 3A3       
0919231202낸2019032701110414138124127 28 27 21 72             
0919231203낸2019032701110414149124122 17 27 26 73             
0919231204낸2019032711230236151124130 16 25 15 5523 505       
0919231205낸2019032701110414148132123 18 14 25 5911 510       
0919231206낸2019032701110414139124130 27 22 18 6321 405       
0919231207낸2019032701130214147134129 19 17 19 54             
0919231208낸2019032701110434146138127 19 12 19 49             
0919231209낸2019032701110444139126124 26 24 22 70             
0919231210낸2019032711230245154126121 13 25 24 58             
0919231211괉2019032611220916165136118  1 12 27 5022 3A3       
0919231212낸2019032701110414146134131 20 17 17 52             
0919231213낸2019032711230215148129129 20 23 18 5233 3A3       
0919231214낸2019032711210416158140117 10 13 30 61             
0919231215낸2019032701130214155143126 11  8 22 45             
