061933010116100354ペイシャコリンナ　　　　　　　　　　 19.5  5.0-10.4-12.6 -7.7 -3  0.0                           
061933010216100941ショウナンカンザシ　　　　　　　　　  6.4  2.3  6.7 12.2  6.5 11  0.0                           
061933010316103007カネショウベリー　　　　　　　　　　 14.6  3.9 -0.9  9.2  3.1  8 13.0A                          
061933010416103215スマートエリス　　　　　　　　　　　  7.2  2.5 12.0  5.8  5.7 11 14.5                           
061933010516105676シゲルルビー　　　　　　　　　　　　 70.0 15.7-10.4-12.0 -7.5 -3  0.0  0                        
061933010616100181カッチョエペペ　　　　　　　　　　　  4.8  1.9 15.0 15.8 10.3 15  5.3                           
061933010716103663トミケンボイジフ　　　　　　　　　　  5.1  2.0  6.0  7.3  4.5  9  8.2                           
061933010816103039トゥモロープラン　　　　　　　　　　109.7 24.2-11.4-10.2 -7.2 -2  0.0                           
061933010916104018サンテレホート　　　　　　　　　　　 57.7 13.0-11.4-14.2 -8.6 -4  0.0                           
061933011016100298ミニオンペール　　　　　　　　　　　  8.5  2.8 10.6 12.0  7.6 13  7.7                           
061933011116102259リワードノルン　　　　　　　　　　　 14.2  3.8-10.4 14.4  2.2  7  8.6A                          
061933011216100823セイスピカ　　　　　　　　　　　　　 18.0  4.7 -8.7 -1.2 -3.0  2  0.0                           
061933011316106097アキノフラッシュ　　　　　　　　　　115.8 25.6-11.4 -9.0 -6.7 -2  0.0                           
061933011416103140ナイスプリンセス　　　　　　　　　　  7.1  2.4-10.0 22.5  5.3 10 16.3                           
061933011516104806サンダミアーノ　　　　　　　　　　　  9.1  2.9  6.0  4.5  3.5  8  0.0                           
061933011616103512シャイナ　　　　　　　　　　　　　　162.6 35.6-13.4-10.0 -7.7 -3  0.0                           
061933020116103674ミツカネラクリス　　　　　　　　　　  6.4  2.0 12.0 11.4  7.8 13 11.6                           
061933020216102783セオリー　　　　　　　　　　　　　　  6.6  2.0 15.0 10.8  8.5 13  9.6                           
061933020316100644サンデーレイジ　　　　　　　　　　　217.0 38.3-11.4 -6.4 -5.8 -1  0.0                           
061933020416104580エクリリストワール　　　　　　　　　  2.3  1.3 20.0 20.0 13.3 18 12.8                           
061933020516106535オオゾラ　　　　　　　　　　　　　　 10.7  2.6 12.7 11.3  8.0 13  7.7  5                        
061933020616104709トラインコンパス　　　　　　　　　　 26.1  5.3 -5.3-14.4 -6.9 -2  0.0                           
061933020716101497ベルウッドヒビキ　　　　　　　　　　 41.4  8.0 -1.4  4.1  1.1  6  0.0                           
061933020816106358リンガスビャクヤ　　　　　　　　　　  6.5  2.0  5.8 -1.9  1.0  6  0.0                           
061933020916103446ニシノヴォーカル　　　　　　　　　　 44.1  8.5-11.4-15.2 -9.0 -4  0.0                           
061933021016100296サングリーンベイ　　　　　　　　　　 31.7  6.3-10.0  9.6  0.5  6  0.0                           
061933021116104342ロサデラルス　　　　　　　　　　　　  6.7  2.0 14.0 20.3 11.6 17 24.7                           
061933021216106485ガルラバン　　　　　　　　　　　　　 35.1  6.9  6.0-14.7 -3.6  1  0.0  0                        
061933021316103630サノノドラゴン　　　　　　　　　　　217.0 38.3-11.4 -6.3 -5.7 -1  0.0                           
061933021416101859ジン　　　　　　　　　　　　　　　　 26.3  5.3-10.0-10.0 -6.7 -2  0.0                           
061933021516109024ナスノコウラン　　　　　　　　　　　 91.6 16.6  6.2-10.2 -1.9  3  0.0                           
061933021616102574カネコメヒカル　　　　　　　　　　　 58.9 10.9 -8.4-15.4 -8.2 -3  0.0  0                        
061933030116100327セイクリッドサン　　　　　　　　　　  2.2  1.2 18.1 15.5 11.1 16 18.1                           
061933030216103349ペイトリアーキー　　　　　　　　　　 65.2 11.2-10.4-10.7 -7.0 -2  0.0                           
061933030316104704ハーモニーソード　　　　　　　　　　 16.0  3.4 -3.9 -2.9 -2.2  3  0.0                           
061933030416105361シバノテンショウ　　　　　　　　　　 60.9 10.5-10.0-12.2 -7.5 -2  0.0                           
061933030516110095ワールドイズマイン　　　　　　　　　 15.2  3.2  6.0 24.9 10.9 16  0.0                           
061933030616102544チェリーアトラス　　　　　　　　　　 22.9  4.5 12.0  5.0  5.4 10  9.6  0                        
061933030716105329フォアシザフューチ　　　　　　　　　 18.8  3.8 -3.6 12.0  3.3  8  0.0                           
061933030816101441ゴールドソックス　　　　　　　　　　  5.4  1.7 15.0 13.6  9.5 14  5.8                           
061933030916105434センジュエース　　　　　　　　　　　 18.5  3.8  5.3  6.1  3.8  9 11.6                           
061933031016101329アイアンユウキャン　　　　　　　　　 12.0  2.7 20.0-16.7 -0.1  5 13.5                           
061933031116103514クリキンツバ　　　　　　　　　　　　104.8 17.5-11.4-15.3 -9.0 -4  0.0                           
061933031216102041キタノリュウジン　　　　　　　　　　100.4 16.8-10.0 -5.5 -5.0  0  0.0                           
061933031316103929グランフェルテ　　　　　　　　　　　 18.8  3.8-10.4-13.3 -8.0 -3  0.0  0                        
061933031416105374クリュサネル　　　　　　　　　　　　 28.4  5.4-11.4 -1.4 -3.9  1  0.0                           
061933031516102979サンロアノーク　　　　　　　　　　　  5.4  1.7 14.4 17.0 10.6 16  8.9                           
061933031616102012ダウラギリテソーロ　　　　　　　　　192.0 31.6-11.4-10.6 -7.3 -2  0.0                           
061933040116106443アービルビエント　　　　　　　　　　 92.5 14.1-14.3-19.4-11.4 -6  0.0  0                        
061933040216104981ヌーヴァエポカ　　　　　　　　　　　 68.8 10.7-10.0 -6.3 -5.3  0  0.0                           
061933040316103801プリンセスシャイン　　　　　　　　　 38.0  6.3-10.0-10.0 -6.7 -2  0.0                           
061933040416102815エムオーマックス　　　　　　　　　　152.1 22.8-10.0-10.5 -6.8 -2  0.0                           
061933040516101055ネオブレイブ　　　　　　　　　　　　  3.0  1.3 12.0 19.9 10.9 16 19.8  3                        
061933040616101245テンノウザン　　　　　　　　　　　　 22.6  4.0  2.4 -4.8 -1.0  4  0.0                           
061933040716102410クリノライジン　　　　　　　　　　　 33.5  5.7-12.5-10.1 -7.5 -2  0.0                           
061933040816105529ヒマワリ　　　　　　　　　　　　　　 11.8  2.5  7.8  2.0  3.1  8  7.7                           
061933040916105728メリーバローズ　　　　　　　　　　　  8.7  2.1  9.9  8.8  6.2 11  9.6                           
061933041016104576ドンヒューズ　　　　　　　　　　　　  2.6  1.3 17.4 18.4 12.0 17 18.1                           
061933041116106547エコロドリーム　　　　　　　　　　　  8.9  2.2-10.0 21.9  5.0 10  0.0                           
061933041216105645ナグラーダ　　　　　　　　　　　　　 62.5  9.8-11.4 -4.7 -5.1  0  0.0                           
061933041316102238ラフレシアレディ　　　　　　　　　　 44.3  7.3-10.0-16.1 -8.9 -4  0.0                           
061933041416103190コルク　　　　　　　　　　　　　　　 37.7  6.3 -3.8  3.2  0.0  5  0.0  5                        
061933041516106180サクセスファイター　　　　　　　　　  8.5  2.1 13.4  5.4  6.0 11  6.3                           
061933041616103545モリトシュン　　　　　　　　　　　　 69.7 10.8-11.4  7.9 -0.5  4  0.0                           
061933050116104672レッドサイオン　　　　　　　　　　　  2.5  1.3 12.0 20.1 11.0 16 12.8A                          
061933050216103810トーセンダイキリ　　　　　　　　　　203.7 32.4-11.4-14.4 -8.7 -4  0.0                           
061933050316102687シックガニアン　　　　　　　　　　　 33.0  5.9-10.0-12.1 -7.4 -2  0.0                           
061933050416104258ラステラデファルコ　　　　　　　　　  9.0  2.3  7.3  8.0  5.1 10  7.2                           
061933050516100742ナミブ　　　　　　　　　　　　　　　 30.4  5.5  6.0-20.0 -5.5 -1  0.0                           
061933050616101362シュテルンシチー　　　　　　　　　　  7.3  2.0  9.2  4.9  4.6 10 15.1                           
061933050716105897ケイツーランド　　　　　　　　　　　128.7 20.7-11.4-10.0 -7.1 -2  0.0                           
061933050816106028スチームパンク　　　　　　　　　　　 45.0  7.9-13.4 -4.9 -5.8 -1  0.0                           
061933050916103590デルマヴォージュ　　　　　　　　　　173.4 27.7-13.1 -8.8 -7.2 -2  0.0                           
061933051016100225ショウチクバイ　　　　　　　　　　　 65.1 10.8-11.4-11.9 -7.8 -3  0.0                           
061933051116105270ラヴィンジャー　　　　　　　　　　　  9.2  2.3  8.7  7.6  5.4 10  0.0                           
061933051216106456アースドラゴン　　　　　　　　　　　  9.5  2.4 11.3  9.2  6.8 12  0.0                           
061933051316101407マイネルオルガノ　　　　　　　　　　 86.1 14.1-13.4-12.0 -8.4 -3  0.0                           
061933051416101209オセアグレイト　　　　　　　　　　　  8.7  2.2 12.3 18.3 10.4 15  6.8  5                        
061933051516105204トリックスター　　　　　　　　　　　  3.7  1.5 15.4 18.4 11.4 16 19.8                           
061933060116105716サーストンバーラム　　　　　　　　　 36.7  7.8 -9.2-12.0 -7.2 13  0.0  0                        
061933060216102772サリーバランセ　　　　　　　　　　　 30.8  6.7  0.3  7.6  2.9 23  0.0                           
061933060316109127カシノウィング　　　　　　　　　　　129.4 25.2-11.4-10.1 -7.1 13  0.0                           
061933060416101956オルダージュ　　　　　　　　　　　　  7.9  2.4  6.0 11.0  5.8 26 10.3                           
061933060516106453ナランフレグ　　　　　　　　　　　　  3.6  1.5 15.7 16.4 10.7 31 10.6                           
061933060616105256メールデゾレ　　　　　　　　　　　　  4.2  1.6 12.2 15.0  9.2 29 14.0                           
061933060716102722エルピド　　　　　　　　　　　　　　 50.7 10.5-10.0-15.2 -8.6 11  0.0                           
061933060816109010ナスノダケ　　　　　　　　　　　　　  4.2  1.6 15.1  8.0  7.5 27  6.3                           
061933060916101355ニシノフルバンク　　　　　　　　　　 53.2 11.0-11.4-12.0 -7.8 12  0.0  0                        
061933061016101139シゲルスピネル　　　　　　　　　　　 32.7  7.0-10.0-10.0 -6.7 13  0.0                           
061933061116103448ニシノコトダマ　　　　　　　　　　　  4.9  1.7 20.0 10.5  9.9 30  6.8                           
061933061216100968ヒストリコ　　　　　　　　　　　　　 35.8  7.6-10.4-12.6 -7.7 12 13.0A                          
061933061316101385ゲンパチシャドウ　　　　　　　　　　124.8 24.3-10.0-15.2 -8.6 11  0.0                           
061933061416103024シゲルアコヤガイ　　　　　　　　　　101.6 19.9 -8.7-15.0 -8.1 12  0.0                           
061933061516101250マイネルバトゥータ　　　　　　　　　 46.6  9.7-10.0-11.1 -7.1 13  0.0                           
061933061616100985ザディファレンス　　　　　　　　　　 14.0  3.4  9.5 14.1  8.0 28  7.7  5                        
061933070114105048ミスレジェンド　　　　　　　　　　　 35.9  6.8 -2.9 -6.1 -3.1 17  0.0                           
061933070214105686シャムロック　　　　　　　　　　　　  6.0  1.8 13.9 17.2 10.5 30  6.3                           
061933070314103311マイネルストラトス　　　　　　　　　 11.4  2.6-10.4  7.6 -0.3 20  7.7                           
061933070415106102ネコマヒカ　　　　　　　　　　　　　 34.0  6.5  6.0-15.3 -3.8 16  0.0                           
061933070515110072ホクリュウオウ　　　　　　　　　　　 15.7  3.4 -6.0-16.1 -7.7 12  0.0  0                        
061933070615100868テイエムソレイユ　　　　　　　　　　  3.3  1.4 19.9 12.1 10.4 30 14.0                           
061933070714110085ビジューブランシュ　　　　　　　　　 62.8 11.1-11.4 -4.7 -5.1 15  0.0                           
061933070815101744ジェイエルノブレス　　　　　　　　　 23.4  4.6-10.0 -7.8 -5.9 14  0.0  5                        
061933070915101125トーセンヴィータ　　　　　　　　　　  3.1  1.4 15.7 21.1 12.4 32 18.1                           
061933071015101785ニシノベイオウルフ　　　　　　　　　 61.1 10.8-13.1-19.4-11.0  9  0.0  0                        
061933071115110006ラスエモーショネス　　　　　　　　　 29.4  5.7-11.4-15.2 -9.0 11  0.0                           
061933071215101343レセディラローナ　　　　　　　　　　  9.1  2.4 12.0 26.5 13.3 33 10.3                           
061933071314100345クインズウィンダム　　　　　　　　　  7.1  2.0  6.0  6.4  4.1 24  6.7                           
061933080112104594タイセイラビッシュ　　　　　　　　　 34.9  8.2-10.0 -4.7 -4.7 15  8.7                           
061933080215100587ヤマニンリュシオル　　　　　　　　　 99.3 21.5-10.4  5.3 -1.2 19  0.0                           
061933080314103191オールデン　　　　　　　　　　　　　  5.1  1.9 20.0 16.9 12.2 32  9.6C 5                        
061933080414105032シルバーストーン　　　　　　　　　　  4.6  1.8  6.0 17.3  8.1 28  5.3                           
061933080513103908ウエスタンボルト　　　　　　　　　　 40.1  9.3-10.0 -1.8 -3.7 16  0.0                           
061933080612103265トウショウデュエル　　　　　　　　　 34.8  8.1 -8.7-12.5 -7.2 13  0.0                           
061933080714105422ナリノメジャー　　　　　　　　　　　  5.8  2.1 11.7  1.7  4.1 24  7.2                           
061933080815104004アシャカデッシュ　　　　　　　　　　  4.7  1.8 20.1 25.5 15.4 35 14.0                           
061933080915105136オレノマニラ　　　　　　　　　　　　 35.3  8.3 20.7-12.6  1.6 22  0.0                           
061933081015103761レノカズマ　　　　　　　　　　　　　 40.6  9.4-10.0-10.0 -6.7 13  0.0                           
061933081115105609サトノユニゾン　　　　　　　　　　　  6.7  2.3 12.8 21.1 11.6 32 18.7                           
061933081214102296ヌンジュリエット　　　　　　　　　　 38.5  8.9-13.4-20.0-11.4  9  0.0                           
061933081315103013レイデマー　　　　　　　　　　　　　 76.2 16.6-14.3 19.4  2.8 23  0.0  4                        
061933081415101948サノノタテヤマ　　　　　　　　　　　 36.3  8.5  6.0 -9.0 -1.5 18  0.0                           
061933081515100942ゴールドクロス　　　　　　　　　　　  4.7  1.8-10.0 16.4  3.0 23  6.2  5                        
061933090116104696スマイル　　　　　　　　　　　　　　  2.6  1.3 17.6 23.8 14.0 34 18.1                           
061933090216104907バラックパリンカ　　　　　　　　　　  6.5  1.9  7.5  9.1  5.6 26 17.5                           
061933090316104549カウディーリョ　　　　　　　　　　　  4.3  1.5 11.9 11.7  7.9 28  8.2                           
061933090416104623マコトジュズマル　　　　　　　　　　  4.8  1.6 13.7 11.6  8.4 28  6.3                           
061933090516100559ミトノマルーン　　　　　　　　　　　 17.0  3.7 12.9 -3.8  2.5 22  8.2                           
061933090616104344カイザースクルーン　　　　　　　　　  6.4  1.9  2.5 12.8  5.4 25  6.8  5                        
061933090716104149ツクバソヴァール　　　　　　　　　　 26.6  5.2 -5.9  7.5  1.0 21  0.0                           
061933090816105011ペルソナデザイン　　　　　　　　　　  6.5  1.9  0.9  2.1  1.0 21  0.0                           
061933100115102043シンデレラメイク　　　　　　　　　　  6.5  1.8 11.1 10.7  7.3 37 16.3                           
061933100212102808イキオイ　　　　　　　　　　　　　　 12.3  2.6 -8.7  7.5  0.1 30  0.0                           
061933100315103875ビリーバー　　　　　　　　　　　　　  3.2  1.3 17.4 27.9 15.4 45 19.8                           
061933100414104912ショウナンマッシブ　　　　　　　　　  6.3  1.7 20.0  9.5  9.5 39  6.2                           
061933100515101147トーセンアンバー　　　　　　　　　　 18.6  3.5 10.0  4.6  4.7 35  0.0                           
061933100615103267カッパツハッチ　　　　　　　　　　　  2.5  1.3 20.3 20.4 13.6 44 10.6                           
061933100715103893ミトノアミーゴ　　　　　　　　　　　  8.6  2.1  3.6  6.5  3.5 33  0.0                           
061933100812102359ビヨンジオール　　　　　　　　　　　 16.8  3.3-10.4  8.5  0.0 30 11.6                           
061933100915103042イサチルルンルン　　　　　　　　　　 28.7  5.0-11.4 -7.5 -6.2 24  0.0                           
061933110114101417ジョーストリクトリ　　　　　　　　　 38.4  9.6 -7.1-11.9 -6.5 44  0.0                           
061933110214110117フィアーノロマーノ　　　　　　　　　  6.6  2.4 -0.4  6.4  2.2 52 17.8                           
061933110312100939マルターズアポジー　　　　　　　　　 40.1 10.0 -8.7 -2.7 -3.6 46  0.0                           
061933110413100569ドーヴァー　　　　　　　　　　　　　  7.0  2.5-10.0 10.3  0.8 51  6.8  5                        
061933110515104317ギベオン　　　　　　　　　　　　　　  5.8  2.2 11.1 15.4  9.0 59  8.1                           
061933110613105917ヒーズインラブ　　　　　　　　　　　 14.7  4.1-11.7 -6.3 -5.8 44  0.0                           
061933110713104956ハクサンルドルフ　　　　　　　　　　 27.7  7.1-11.7 -9.5 -7.0 43  0.0                           
061933110814105589ダイワキャグニー　　　　　　　　　　 19.6  5.3  1.4 13.1  5.2 55  9.6                           
061933110912104685ヤングマンパワー　　　　　　　　　　 18.3  5.0 -7.3-10.2 -5.9 44  0.0                           
061933111013102679ロードクエスト　　　　　　　　　　　  8.6  2.9  4.7 15.2  7.0 57  0.0                           
061933111115105461カツジ　　　　　　　　　　　　　　　 12.5  3.6 -3.0 -0.3 -1.0 49 27.8                           
061933111215105036プリモシーン　　　　　　　　　　　　  5.8  2.2 12.8  8.4  6.9 57  5.8                           
061933111314100971マイスタイル　　　　　　　　　　　　  7.1  2.6 11.4  9.8  7.0 57  0.0                           
061933111415103057ダイアトニック　　　　　　　　　　　 29.7  7.6 -3.4-10.3 -4.8 45 21.6                           
061933111513102273エイシンティンクル　　　　　　　　　 21.8  5.8-11.4  2.1 -2.7 47  0.0                           
061933111613109027キャプテンペリー　　　　　　　　　　 26.3  6.8 -4.9 21.9  6.6 57  0.0                           
061933120114106211キングズラッシュ　　　　　　　　　　  9.2  2.5  2.4  2.2  1.5 32  0.0                           
061933120213100580エンパイアステート　　　　　　　　　 25.2  5.1  4.2 13.6  6.2 36 13.7                           
061933120313104334ウォーターシャウト　　　　　　　　　 41.6  8.0-12.5 -6.4 -6.1 24  0.0                           
061933120414101854スペリオルシチー　　　　　　　　　　  7.3  2.1  4.3 14.4  6.6 37  6.3  2                        
061933120515101912デルマカルヴァドス　　　　　　　　　 37.4  7.2 -9.3  3.6 -1.5 29 22.2                           
061933120614100933ダウンザライン　　　　　　　　　　　 11.1  2.6  6.2 11.9  6.2 36 10.3                           
061933120714104972ハルカノテソーロ　　　　　　　　　　 26.4  5.3  6.0 -1.6  1.2 31  0.0                           
061933120815101680エヴィエイション　　　　　　　　　　 33.2  6.5-10.0-12.6 -7.6 22  0.0                           
061933120912103204ダイワインパルス　　　　　　　　　　 12.4  2.9  2.9 13.3  5.7 36  0.0                           
061933121013109095ハシカミ　　　　　　　　　　　　　　128.0 22.5-11.4-19.4-10.5 19  0.0  0                        
061933121114102449トミケンボハテル　　　　　　　　　　  5.7  1.9 20.1  5.6  8.1 38  5.8                           
061933121215101174ロードアクシス　　　　　　　　　　　 18.7  4.0  7.2 -2.3  1.3 31  0.0                           
061933121314103425スペルマロン　　　　　　　　　　　　 22.2  4.5-10.0 -9.2 -6.4 24  0.0                           
061933121413105608ポルトドレーヴ　　　　　　　　　　　 19.8  4.2 -4.2  6.3  1.0 31  0.0                           
061933121511105975エリーフェアリー　　　　　　　　　　173.6 30.3-11.4-10.1 -7.1 23  0.0                           
061933121615102594ゲンパチカイナル　　　　　　　　　　  2.3  1.3 19.6 30.4 17.0 47 18.1                           
091923010116103997リュウノイカリ　　　　　　　　　　　  5.0  1.7 17.0  8.2  8.7 14 12.6                           
091923010216106418ドナブレス　　　　　　　　　　　　　 38.4  7.4 -6.8 -8.2 -5.0  0 18.9                           
091923010316102050ヘニーストライカー　　　　　　　　　 22.9  4.7  1.2  7.0  2.5  8 10.1                           
091923010416101093ダンツキャッスル　　　　　　　　　　  4.4  1.5 16.8 16.7 11.2 16 21.3  4                        
091923010516100171アイファーキングズ　　　　　　　　　  3.6  1.4 14.2 13.8  9.3 14  6.2                           
091923010616102554ユーバーファル　　　　　　　　　　　 42.3  8.1-10.9 -9.4 -6.8 -2  0.0                           
091923010716104461キービジュアル　　　　　　　　　　　 11.2  2.7  9.1  8.9  6.0 11 11.0  5                        
091923010816106146サニーサインズ　　　　　　　　　　　 50.4  9.5-10.9 -8.7 -6.6 -2  0.0                           
091923010916103773テーオースナイパー　　　　　　　　　 25.1  5.1-11.4-12.3 -7.9 -3  0.0                           
091923011016100518タガノシャイニー　　　　　　　　　　 37.7  7.3-10.9-12.6 -7.8 -3  0.0                           
091923011116100129ブルベアロッソ　　　　　　　　　　　 34.1  6.6 -5.6 -7.0 -4.2  1  0.0                           
091923011216102853メメランタン　　　　　　　　　　　　  3.1  1.4 11.5 16.4  9.1 14  8.1                           
091923011316109117ウマカモン　　　　　　　　　　　　　 35.2  6.8 -5.6-15.5 -6.7 -2  0.0  0                        
091923020116102604キングアーサー　　　　　　　　　　　 41.9  6.1 -3.6-10.2 -4.4  1  0.0                           
091923020216102331マティス　　　　　　　　　　　　　　  9.0  2.0  9.6  8.5  6.1 11 18.4                           
091923020316106259トランスフォーム　　　　　　　　　　 59.7  8.2-10.9-14.2 -8.3 -3  0.0                           
091923020416106492エイシンオーディン　　　　　　　　　 11.6  2.2 10.1  3.5  4.8 10  0.0                           
091923020516103000メイショウソウライ　　　　　　　　　 59.6  8.2-10.9-10.9 -7.3 -2  0.0                           
091923020616102443ルンルンキャット　　　　　　　　　　 38.0  5.6 -8.7 -6.7 -5.2  0  0.0                           
091923020716109083スズカモンド　　　　　　　　　　　　 48.7  7.0-10.9 -1.2 -4.4  1  0.0  5                        
091923020816100170アイファーアクター　　　　　　　　　 31.9  4.8 -0.2  0.3  0.0  5  0.0                           
091923020916104518ライトヴェロシティ　　　　　　　　　 11.4  2.2  4.2-10.7 -1.7  3 22.9                           
091923021016101642ラッキーグラン　　　　　　　　　　　 42.1  6.2 -5.6  9.0  0.6  6  0.0                           
091923021116101592メイショウコハギ　　　　　　　　　　 21.7  3.5 -8.5 -4.8 -4.6  0  0.0                           
091923021216100376ラブグラー　　　　　　　　　　　　　 98.5 13.2-10.9-10.2 -7.1 -2  0.0                           
091923021316102659ブルベアローザ　　　　　　　　　　　 95.4 12.8-10.9-11.9 -7.6 -3  0.0  0                        
091923021416105973テイエムブランコ　　　　　　　　　　 36.0  5.4 -4.1  5.6  0.2  5  0.0                           
091923021516100780ヘニーオーザ　　　　　　　　　　　　  4.1  1.4 13.7 29.7 13.9 19 19.6  1  135   59              
091923021616100615シーシャープ　　　　　　　　　　　　  1.8  1.2 21.8 19.4 13.8 19 15.0                           
091923030116103772パーフェクトレース　　　　　　　　　103.5 19.0-10.9 -8.2 -6.5 -1  0.0                           
091923030216104565ゴルディロックス　　　　　　　　　　 45.8  9.0-10.8-13.8 -8.1 -3  0.0                           
091923030316104698ゲンティアナ　　　　　　　　　　　　  8.1  2.3 -5.6-12.4 -5.8 -1  0.0                           
091923030416102154クロティルド　　　　　　　　　　　　 51.8 10.1-11.4-12.1 -7.8 -3  0.0                           
091923030516100618ヘレナ　　　　　　　　　　　　　　　 51.6 10.1-10.9 -6.5 -5.9 -1  0.0                           
091923030616104351リトミカメンテ　　　　　　　　　　　 39.5  7.9 -5.6-10.7 -5.3  0  0.0                           
091923030716104942ルベリエ　　　　　　　　　　　　　　  4.0  1.5 16.8 22.8 13.0 18 19.6  2                        
091923030816100517タガノスピカ　　　　　　　　　　　　 38.8  7.7 -2.4-12.6 -4.7  0 18.0                           
091923030916104866カリナン　　　　　　　　　　　　　　 25.8  5.4-10.9  0.8 -3.8  1  0.0                           
091923031016105024ウォーターブレイク　　　　　　　　　 15.5  3.5  7.0 19.5  8.4 13 23.2                           
091923031116103275モイ　　　　　　　　　　　　　　　　 11.2  2.7  7.9  3.8  4.0  9 13.5                           
091923031216105276セラピア　　　　　　　　　　　　　　  3.0  1.4 20.2 17.4 12.6 18  8.1                           
091923031316103063プリモプレミオ　　　　　　　　　　　 14.6  3.4  8.5  6.3  5.0 10  0.0                           
091923031416104878リアオリヴィア　　　　　　　　　　　 23.4  4.9  1.1 -9.2 -2.4  3  0.0  0                        
091923031516104795ダイアナブライト　　　　　　　　　　  4.7  1.6  7.9 19.0  8.6 14  6.7                           
091923031616103488クルシュー　　　　　　　　　　　　　 77.7 14.4-11.4-15.1 -8.7 -4  0.0  0                        
091923040116104675レーヴドゥラメール　　　　　　　　　 21.7  4.6 -5.5  5.2 -0.5  5  0.0                           
091923040216101151ロードラウレア　　　　　　　　　　　 13.8  3.2 14.5-15.2  0.8  6  0.0  0                        
091923040316104375ラバーズケープ　　　　　　　　　　　 17.3  3.8 -5.6-10.2 -5.1  0  0.0                           
091923040416103421フェリシタシオン　　　　　　　　　　 27.4  5.6 -6.4-11.0 -5.6 -1 13.2                           
091923040516103499グレートベースン　　　　　　　　　　  5.7  1.8 10.6 10.8  7.1 12  8.8                           
091923040616105414エレヴァルアスール　　　　　　　　　 27.4  5.6 -3.3 -6.9 -3.3  2 17.1                           
091923040716101978ヒルノバーゼル　　　　　　　　　　　 29.9  6.1 -5.6 18.8  3.6  9  0.0                           
091923040816100385サクセスクルーズ　　　　　　　　　　 64.8 12.1-11.4-10.5 -7.3 -2  0.0                           
091923040916103962ヴィント　　　　　　　　　　　　　　  3.2  1.4 16.3 24.2 13.2 18  8.1                           
091923041016100724マイネルリャードフ　　　　　　　　　 49.4  9.6-11.4-10.5 -7.3 -2  0.0                           
091923041116102824ディープエターナル　　　　　　　　　 40.8  8.0-11.4-10.9 -7.4 -2  0.0                           
091923041216105106ダンスディライト　　　　　　　　　　  5.2  1.7  7.9  7.5  5.1 10  6.7                           
091923041316104856ウラノメトリア　　　　　　　　　　　  3.7  1.5 15.4 16.0 10.4 15 19.6                           
091923041416104832マイサンシャイン　　　　　　　　　　 27.9  5.7 -5.6-12.6 -5.8 -1  0.0                           
091923041516104183マーストランド　　　　　　　　　　　 43.5  8.5 -3.8-12.3 -5.1  0 20.7                           
091923050116102056レオビヨンド　　　　　　　　　　　　 22.7  3.9-10.9 -3.5 -5.0 15  0.0                           
091923050216101782スパンキーワールド　　　　　　　　　  2.5  1.2 17.0 27.5 14.5 34 18.0                           
091923050316105560タマモアポローン　　　　　　　　　　  2.9  1.3 15.8 18.8 11.4 31 19.6                           
091923050416106107タニノマイカ　　　　　　　　　　　　  7.0  1.8 13.1 12.1  8.4 28  8.8                           
091923050516104908ポップフランセ　　　　　　　　　　　  6.5  1.7  2.1  4.5  2.1 22  6.7                           
091923050616100670タウィーザ　　　　　　　　　　　　　 16.8  3.1  7.9-10.2 -0.2 20  0.0                           
091923050716106255アッシェンプッテル　　　　　　　　　 17.8  3.2 -8.5 11.2  0.2 20  0.0                           
091923050816100360トイガー　　　　　　　　　　　　　　  9.2  2.2 10.4 30.3 12.9 33 24.5  1  175   42              
091923050916102858アシャカド　　　　　　　　　　　　　 17.6  3.2 -5.4 -0.7 -2.2 18  0.0                           
091923060114104328リリーモントルー　　　　　　　　　　  3.9  1.5 13.6  4.8  6.4 26 21.3                           
091923060215102743クリノクーニング　　　　　　　　　　  3.4  1.4 15.8 15.9 10.6 31 15.0                           
091923060315102181サクセステーラー　　　　　　　　　　 14.2  3.4  4.4  9.4  4.4 24 14.4                           
091923060415105990スマートアエロ　　　　　　　　　　　 38.4  7.8 -5.6 -9.4 -4.9 15  0.0                           
091923060513104232サンライズサーカス　　　　　　　　　  3.8  1.5 16.8 20.1 12.2 32  0.0                           
091923060614102300ダイシンクイント　　　　　　　　　　 15.8  3.7  1.2  0.1  0.5 20 15.3                           
091923060713101028ウォーターミリオン　　　　　　　　　 26.4  5.6 -8.5-10.5 -6.3 14  0.0                           
091923060814104111コールストーム　　　　　　　　　　　  4.5  1.6  7.3 13.8  6.8 27  7.2                           
091923060913100594フォンス　　　　　　　　　　　　　　 13.0  3.1  1.2  3.7  1.5 22 11.0                           
091923061013103153ギャツビー　　　　　　　　　　　　　 19.0  4.3 -3.0 -4.6 -2.5 18  0.0                           
091923070115105383ウエスタンヒューズ　　　　　　　　　 36.2  7.2-10.9 -9.5 -6.8 13  0.0                           
091923070213105979セカンドエフォート　　　　　　　　　 16.9  3.8  1.0  9.1  3.1 23  8.8  5                        
091923070314102122クリノアントニヌス　　　　　　　　　 40.3  7.9-15.0 -7.0 -7.6 12  0.0                           
091923070414105660メイショウオオヅツ　　　　　　　　　155.7 28.0-10.9 -5.0 -5.5 15  0.0                           
091923070515103228スリーヘリオス　　　　　　　　　　　 48.5  9.4-10.9-15.2 -8.6 11  0.0  0                        
091923070615100524タガノプレトリア　　　　　　　　　　 12.5  3.0  1.1 10.6  3.6 24  0.0                           
091923070715101402サンライズフルメン　　　　　　　　　  8.2  2.3 17.2 10.2  9.4 29 12.6                           
091923070813104027グランセノーテ　　　　　　　　　　　  2.8  1.3 12.5 17.5  9.8 30 18.0                           
091923070915102754ショウナンアンビル　　　　　　　　　 14.8  3.4 10.4 -5.3  2.2 22 10.1                           
091923071015105560フッフール　　　　　　　　　　　　　 70.0 13.0-10.9-11.7 -7.5 12  0.0                           
091923071115110056クーファウェヌス　　　　　　　　　　 19.2  4.2 -5.6 -2.6 -2.8 17  0.0                           
091923071215100037オーラロード　　　　　　　　　　　　 32.1  6.5-11.4-14.8 -8.6 11  0.0  0                        
091923071314100838ショウナンサニー　　　　　　　　　　 61.5 11.5 -8.7-11.0 -6.5 14  0.0                           
091923071414102477アシャカリアン　　　　　　　　　　　  4.8  1.6 16.5 17.4 11.3 31  9.6                           
091923071515102499メラナイト　　　　　　　　　　　　　  4.6  1.6 13.2  6.9  6.9 27 19.6                           
091923071614105662トルネードアレイ　　　　　　　　　　 29.8  6.0-11.4-15.0 -8.7 11  0.0  0                        
091923080112101321ユアーザワン　　　　　　　　　　　　 68.7 11.6 -9.7-10.5 -6.7 13  0.0                           
091923080213102112エルゼロ　　　　　　　　　　　　　　 13.5  2.9  5.8  3.8  3.3 23 15.3                           
091923080313104365シゲルロウニンアジ　　　　　　　　　 12.0  2.7  1.9 28.6  9.3 29  0.0                           
091923080413105593ピエナクルーズ　　　　　　　　　　　  5.0  1.7  3.6 21.3  7.7 28 19.6  1  126   58              
091923080510101798セガールフォンテン　　　　　　　　　 47.5  8.4 -9.7 -3.9 -4.7 15  0.0                           
091923080613104743シゲルクロカジキ　　　　　　　　　　 34.1  6.2 -5.6-20.0 -8.1 12  0.0                           
091923080712104003ドラゴンストーム　　　　　　　　　　 10.9  2.5  9.7 11.4  7.0 27  0.0                           
091923080814102845メイショウゴウキ　　　　　　　　　　 22.5  4.3  3.0 -3.5  0.1 20 16.2                           
091923080915101505シゲルサツマイモ　　　　　　　　　　  7.9  2.1  4.3 21.3  8.0 28  7.2  3                        
091923081013105905プリンシパルスター　　　　　　　　　 30.9  5.7 -8.7 -6.7 -5.2 15  0.0                           
091923081113100401リリーシューター　　　　　　　　　　  7.7  2.1 13.9 14.5  9.4 29  9.6                           
091923081211105541クリノキングムーン　　　　　　　　　 40.7  7.3-11.4  0.5 -4.0 16  0.0                           
091923081313105125サムライフォンテン　　　　　　　　　 53.4  9.4 -9.7-10.5 -6.7 13  0.0                           
091923081409100502メイショウオトコギ　　　　　　　　　  2.2  1.3 19.7 20.2 13.3 33 15.0  2                        
091923090116105301ジェンメオ　　　　　　　　　　　　　 17.9  3.9 -4.1 31.3  7.9 28  0.0                           
091923090216110024ヒーリングマインド　　　　　　　　　  7.4  2.2  1.7 22.1  7.3 27 11.0  3                        
091923090316106405アールコンセンサス　　　　　　　　　  6.9  2.1 11.2  7.1  6.2 26 12.6                           
091923090416104840プランドラー　　　　　　　　　　　　  4.3  1.5 12.2  6.1  6.3 26  0.0  5                        
091923090516104556ジェットモーション　　　　　　　　　 23.4  4.8 -1.2 -8.7 -3.0 17  0.0                           
091923090616104564ニューポート　　　　　　　　　　　　 18.5  4.0  2.8  8.7  3.6 24  0.0                           
091923090716104495ショウリュウイクゾ　　　　　　　　　  2.8  1.3 15.8 17.4 11.0 31 18.0                           
091923090816104509アドマイヤユラナス　　　　　　　　　  4.2  1.5 12.8 11.2  8.1 28 16.4                           
091923090916105292レッドジェニアル　　　　　　　　　　  8.0  2.3 10.5 14.8  8.3 28 22.6                           
091923100115103916マイネルキャドー　　　　　　　　　　 25.4  5.7 -9.7-10.5 -6.7 23  0.0                           
091923100215101399メモリーコロネット　　　　　　　　　  5.6  1.9 11.2 15.6  8.8 39 12.6                           
091923100314106138ベルカプリ　　　　　　　　　　　　　 17.5  4.2-10.9 -4.7 -5.4 25  0.0  0                        
091923100414103032グランドロワ　　　　　　　　　　　　  7.1  2.3  9.5 -6.3  1.6 32 10.1                           
091923100514102155チャレアーダ　　　　　　　　　　　　  5.9  2.0 15.8 21.8 12.3 42 11.0  1  136   57              
091923100614106061ラプソディーア　　　　　　　　　　　 19.9  4.7  2.7  0.6  1.2 31 17.1                           
091923100714106144ディーパワンサ　　　　　　　　　　　 19.3  4.6-10.9 -8.7 -6.6 23  0.0                           
091923100814105338オールザゴー　　　　　　　　　　　　  4.3  1.7 13.7 20.6 11.2 41 19.6                           
091923100914106125モアナ　　　　　　　　　　　　　　　  3.8  1.6 14.5 13.5  9.4 39  8.1                           
091923101015103640ブルベアトリュフ　　　　　　　　　　  5.2  1.8 14.7 10.5  8.5 39  6.7                           
091923110114104841アードラー　　　　　　　　　　　　　 11.2  2.9  1.2 -4.1 -0.8 44 14.4                           
091923110212105830オルナ　　　　　　　　　　　　　　　 71.9 14.5-10.9-10.9 -7.3 38  0.0                           
091923110315104907イシュトヴァーン　　　　　　　　　　  3.2  1.5 14.7 12.5  9.1 54  8.1                           
091923110411105350トラキチシャチョウ　　　　　　　　　 84.0 16.8-10.9-20.0-10.0 35  0.0                           
091923110513105808レッドゲルニカ　　　　　　　　　　　 47.9 10.1 -9.7-14.5 -7.9 37  0.0                           
091923110614103977ダンツゴウユウ　　　　　　　　　　　 14.8  3.6 -3.6 26.2  6.5 52  0.0  1  176   38              
091923110712105612タムロミラクル　　　　　　　　　　　 16.3  3.9 -5.6 18.9  3.6 49 11.3                           
091923110812106358コパノチャーリー　　　　　　　　　　 55.3 11.3-10.9-15.2 -8.6 36  0.0  0                        
091923110914103547スマートダンディー　　　　　　　　　  5.1  1.8 11.2 11.3  7.5 52  0.0                           
091923111013110046ルグランフリソン　　　　　　　　　　 18.0  4.3-10.9-14.5 -8.3 37  0.0  0                        
091923111113105340ダノンフェイス　　　　　　　　　　　  9.2  2.7 10.5  2.6  4.6 50 13.5                           
091923111213100358サトノファンタシー　　　　　　　　　  7.1  2.2  6.5 -3.7  1.3 46 10.3  0                        
091923111312101013アポロノシンザン　　　　　　　　　　 78.3 15.7 -9.7-10.5 -6.7 38  0.0                           
091923111412110043ドリームキラリ　　　　　　　　　　　 16.7  4.0 -4.7 -3.0 -2.6 42  9.8                           
091923111511105960キングズガード　　　　　　　　　　　  5.9  2.0 11.2  9.7  7.0 52 21.3                           
091923111611103159メイショウボンロク　　　　　　　　　 75.2 15.1-10.9 -8.7 -6.6 38  0.0                           
091923120115101879テイエムオスカー　　　　　　　　　　 41.4  9.2 -5.6  5.6 -0.4 30  0.0                           
091923120214101156ワンダーウマス　　　　　　　　　　　 12.6  3.3  2.9  7.3  3.3 33 15.3                           
091923120315103475エンパイアミライ　　　　　　　　　　  3.7  1.6 15.8 15.7 10.5 41  5.7                           
091923120415102906キングフォルテ　　　　　　　　　　　 26.8  6.2 -8.3-10.0 -6.0 24  0.0                           
091923120514105320グラットシエル　　　　　　　　　　　  5.8  2.0 -5.6 13.2  1.9 32  9.6                           
091923120615104799ヴァルディノート　　　　　　　　　　 42.1  9.4 -5.6-10.5 -5.2 25  0.0                           
091923120714100976スズカガルチ　　　　　　　　　　　　  5.1  1.9 15.0 26.9 13.6 44 10.8                           
091923120814105057マイアフェクション　　　　　　　　　 74.0 15.6-10.9 -9.4 -6.8 23  0.0                           
091923120914104092テンザワールド　　　　　　　　　　　  8.4  2.6 11.1 15.6  8.8 39  0.0                           
091923121015101631スピンドクター　　　　　　　　　　　 29.1  6.7  3.3  3.0  2.1 32 18.0                           
091923121115104955オノリス　　　　　　　　　　　　　　  6.7  2.2 -2.7  4.9  0.5 30 19.1                           
091923121213105412カレンジラソーレ　　　　　　　　　　 48.8 10.8-10.9-12.8 -7.8 22  0.0                           
091923121315106465コパノジャッキー　　　　　　　　　　  7.5  2.4  4.9  9.1  4.5 35  0.0  5                        
091923121413105804ショパン　　　　　　　　　　　　　　 15.4  3.9  1.4 -3.9 -0.7 29 13.2  0                        
091923121514104516サンマルエンパイア　　　　　　　　　 34.6  7.8 -4.1-17.7 -6.8 23  0.0  0                        
