0319110101낸2019040300110414136134137 33 17 16 59             
0319110102낸2019040310230214153145137 13 10 15 33             
0319110103뒞2019040411230216145126124 22 22 22 66             
0319110104낸2019040310720915152134125 13 17 24 58             
0319110105낸2019040301130214141134128 25 17 21 61             
0319110106낸2019040310230244144130131 21 24 19 56             
0319110107낸2019040301130214147137132 19 10 17 4532 3A3       
0319110108낸2019040310220914140136130 26 19 22 59             
0319110109낸2019040311030215147136126 18 13 21 5023 3A3       
0319110110낸2019040301120914143124131 23 27 18 66             
0319110111낸2019040301110414148130129 18 17 20 5621 3A3       
0319110112낸2019040310230214144128131 22 25 21 61             
0319110113낸2019040300120914154134132 15 21 21 59             
0319110114낸2019040310230215152134132 14 20 20 5423 3A3       
0319110115낸2019040311220916142134132 24 17 13 5033 3A3       
0319110201낸2019040311230214135128123 31 22 22 59             
0319110202낸2019040310230214148128134 18 23 18 52             
0319110203낸2019040301121014153124127 13 27 22 66             
0319110204낸2019040310230214141133133 25 20 19 55             
0319110205낸2019040300120934139136134 29 15 17 56             
0319110206낸2019040300130234152138135 16 12 16 4423 3A3       
0319110207낸2019040300130214152136131 17 14 22 5523 3A3       
0319110208낸2019040301130234152143130 13  7 17 39             
0319110209낸2019040301130214173143127  0  8 22 39             
0319110210낸2019040300130224138138135 31 17 18 60             
0319110211낸2019040300130234142127130 26 22 21 6722 3A3       
0319110212낸2019040300110414145132134 24 19 19 6023 3A3       
0319110213낸2019040300121014155142130 14 13 23 53             
0319110214낸2019040301130214134130127 32 17 22 6723 305       
0319110215낸2019040310210455151130134 14 20 16 49             
0319110216낸2019040301130234155130123 10 16 24 5622 4A3       
0319110301낸2019040300130214163132134  6 18 19 4823 3A3       
0319110302낸2019040301110414146130125 20 21 24 67             
0319110303낸2019040310230244139138128 26 14 22 54             
0319110304낸2019040311220914129122128 37 29 17 6323 510       
0319110305낸2019040311230236147132126 18 18 17 5323 6A3       
0319110306낸2019040301121034144130133 21 16 14 482  3A3       
0319110307낸2019040310230244149132128 16 19 22 5323 3A3       
0319110308낸2019040301130234164138122  1  7 25 4323 305       
0319110309낸2019040310210415152132127 14 23 25 6421 3A3       
0319110310낸2019040301130244169144125  0  6 22 37             
0319110311낸2019040300120914155138132 14 14 21 51             
0319110312낸2019040300130234145132131 23 17 20 5923 505       
0319110313낸2019040301130214141134132 25 17 17 56             
0319110314낸2019040301120934143130129 22 16 18 5411 3A3       
0319110315낸2019040301120934149138125 16  8 22 4831 410       
0319110401낸2019040310730235144132155 20 18  0 30             
0319110402낸2019040311230236151132119 14 17 24 60             
0319110403낸2019040310230234149148138 16  6 12 26             
0319110404낸2019040311020914138126121 27 21 26 67             
0319110405낸2019040310710435134132126 30 18 21 65             
0319110406낸2019040310210435146124124 19 25 26 70             
0319110407낸2019040311230236150136136 15 12  7 31             
0319110408낸2019040300130214154144134 15 11 19 46             
0319110409낸2019040310730235148136133 16 14 14 43             
0319110410낸2019040311030235149130127 15 17 18 48             
0319110411낸2019040311230235140130126 25 21 17 53             
0319110412낸2019040310230225152126126 14 24 26 66             
0319110413낸2019040310730235143131137 21 19 10 45             
0319110414낸2019040311230236138134147 27 12  0 29             
0319110501낸2019040310730235142133133 22 18 14 50             
0319110502낸2019040311230235153138141 12 10  2 13             
0319110503낸2019040311830234141118124 29 25 18 67             
0319110504낸2019040301130234151136126 14 14 21 52             
0319110505낸2019040311230235150130129 15 20 14 42             
0319110506낸2019040310230235152138133 13 16 17 4631 3         
0319110507낸2019040311211036144123125 21 24 18 62             
0319110508낸2019040310220914138136126 28 13 26 60             
0319110509낸2019040311230236156135143  9 14  0 20             
0319110510낸2019040300120914144132134 25 23 19 64             
0319110511낸2019040310230235142134136 23 20 14 51             
0319110512낸2019040311210436147128122 18 21 21 61             
0319110513낸2019040311830234152128123 18 15 18 52             
0319110514낸2019040310220935146129131 19 21 19 57             
0319110601낸2019040310221015145129128 21 26 24 7023 3OP       
0319110602낸2019040311030215140139120 25 10 27 59             
0319110603낸2019040310720954142132129 22 17 18 55             
0319110604낸2019040310210414143126129 23 27 23 6723 505       
0319110605낸2019040301130234152137125 13 13 22 52             
0319110606낸2019040300130214159134133 10 16 20 5022 305       
0319110607낸2019040310211044145136128 20 16 22 5223 416       
0319110608낸2019040310230215158149131  8  6 21 38             
0319110609낸2019040310720915142132132 23 19 17 56             
0319110610낸2019040301130214147128125 19 23 24 68             
0319110611낸2019040301121034153134129 12 16 18 48             
0319110612낸2019040300130234147136130 21 14 21 5622 3A3       
0319110613낸2019040311230215148128128 18 22 17 50             
0319110614낸2019040310230215146132135 20 23 17 5622 305       
0319110615낸2019040310730235146126135 18 23 12 5023 505       
0319110701낸2019040300130214160136129  9 19 24 58             
0319110702낸2019040311010415150134120 15 13 27 5611 3A3       
0319110703낸2019040300130214146140121 23 15 32 73             
0319110704낸2019040311630235130119122 34 22 15 64             
0319110705낸2019040301120914145133135 21 14 14 4621 405       
0319110706낸2019040310210414153126143 13 25  9 39             
0319110707낸2019040310230235152131130 13 21 20 54             
0319110708낸2019040311230216149133130 17 17 15 4833 3         
0319110709낸2019040310210415140131140 26 24 12 54             
0319110710낸2019040311630215154118119 11 24 20 59             
0319110711뒞2019040410710415137134139 30 18 12 52             
0319110712낸2019040310230234142128125 23 26 25 6823 3A3       
0319110713낸2019040300130214137130136 32 25 17 68             
0319110714낸2019040300130214148136133 21 19 20 59             
0319110715낸2019040310230215149134136 17 21 16 5133 410       
0319110716낸2019040311220944144130122 21 20 21 5023 405       
0319110801낸2019040310210444146136123 19 13 27 56             
0319110802낸2019040310220935144133131 21 18 19 55             
0319110803낸2019040310220915157149130  9  6 22 39             
0319110804낸2019040311030215149132132 16 15 15 42             
0319110805낸2019040311230246159130118  6 19 25 59             
0319110806낸2019040310220935140140135 25 13 15 46             
0319110807낸2019040301110414154137124 12 14 25 56             
0319110808낸2019040311010415132129132 33 20 15 573  3A3       
0319110809낸2019040310230214141134132 25 21 20 57             
0319110810낸2019040310230214139138128 27 17 24 6023 505       
0319110811낸2019040310230214154137128 12 16 24 5023 605       
0319110812낸2019040301110434142129128 23 21 19 61             
0319110813낸2019040301130214151138124 15 13 25 57             
0319110814낸2019040311230216153133123 13 18 22 57             
0319110815낸2019040311220936141135129 24 16 14 5123 305       
0319110816낸2019040311210436132124142 33 23  1 45             
0319110901낸2019040310230215150136130 16 17 22 5512 410       
0319110902낸2019040300120914150130129 19 25 24 70             
0319110903낸2019040310230214131128127 35 25 25 75             
0319110904낸2019040310220915152136133 14 19 19 51             
0319110905낸2019040301130214155128123 11 23 26 66             
0319110906낸2019040301130244168133134  0 17 13 35             
0319110907낸2019040310220915150130137 16 21 15 4932 3A3       
0319110908낸2019040311210416147126129 19 24 16 59             
0319110909낸2019040301110414143137122 23 14 27 66             
0319110910낸2019040301130214152132129 14 19 20 55             
0319110911낸2019040301130234139126129 26 24 18 65             
0319110912낸2019040301130214149130128 17 17 21 5721 305       
0319110913낸2019040310220915153129137 13 25 15 51             
0319110914낸2019040310230214151136128 15 16 24 5223 3A3       
0319110915낸2019040300120914150130133 19 25 20 64             
0319110916낸2019040311030235143126123 21 20 22 60             
0319111001낸2019040310230215152134128 14 20 24 5923 505       
0319111002낸2019040311020915146131129 19 18 18 5111 305       
0319111003낸2019040310220934141128130 24 26 20 62             
0319111004낸2019040310230216150139129 16 15 23 5712 3A3       
0319111005낸2019040310230234140137128 25 13 22 5323 3A3       
0319111006낸2019040300120914144133127 25 18 26 6923 3A3       
0319111007낸2019040310221016150138129 16 17 23 60             
0319111008낸2019040301130214142136129 24 15 20 57             
0319111009낸2019040311730245149127119 13 20 19 50             
0319111010낸2019040311210416140138124 26 14 21 60             
0319111011낸2019040301121014143127127 23 20 22 6522 4OP       
0319111101낸2019040301120914179128130  0 23 19 49             
0319111102낸2019040301110414145129127 21 22 22 65             
0319111103낸2019040310230214145134134 21 21 18 53             
0319111104낸2019040311220916147129122 19 23 23 6711 3OP       
0319111105낸2019040310210415149132126 17 22 26 66             
0319111106낸2019040311710415140124114 23 23 26 69             
0319111107낸2019040300110414135124139 34 31 14 71             
0319111108낸2019040301110414141130125 25 21 24 70             
0319111109낸2019040301110414145124126 21 27 23 72             
0319111110낸2019040300130234152129128 16 25 23 66             
0319111111낸2019040301130234151128128 14 18 19 5321 610       
0319111112낸2019040301130214143138125 23 13 24 60             
0319111113낸2019040301130214153134126 13 17 23 57             
0319111114낸2019040301130214154138137 12 13 12 37             
0319111115낸2019040311230216146134124 20 18 21 60             
0319111201낸2019040310230234150132135 15 22 15 46             
0319111202낸2019040310230244152132134 13 20 16 4411 3         
0319111203낸2019040310230235148138132 17 16 18 4922 3A3       
0319111204낸2019040300130214173133136  0 22 17 45             
0319111205낸2019040300130214145133131 24 22 22 67             
0319111206낸2019040301130214134124134 32 27 15 67             
0319111207낸2019040301130214164150127  2  1 22 33             
0319111208낸2019040301120914147130122 19 21 27 70             
0319111209낸2019040310220915151137128 15 18 24 59             
0319111210낸2019040300130214154136129 15 15 24 5711 3A3       
0319111211낸2019040311210415145134118 21 17 27 61             
0319111212낸2019040310230215146134133 20 21 19 57             
0319111213낸2019040311220916144128122 22 23 23 6932 510       
0319111214낸2019040300120914142134132 27 21 21 66             
0319111215낸2019040301120914148135127 18 11 22 5331 616       
0319111216낸2019040310210414137134129 29 18 23 6133 510       
0619350101낸2019040310230234148132126 17 20 24 57             
0619350102낸2019040310720944141138125 23 12 22 56             
0619350103낸2019040310730215146130130 19 20 19 5833 405       
0619350104낸2019040310230214146132127 20 23 25 6423 3A3       
0619350105낸2019040310220915150130132 16 22 20 57             
0619350106낸2019040310230234140132125 25 18 25 61             
0619350107낸2019040300130244141129130 27 20 21 6522 305       
0619350108낸2019040300120914143132155 26 23  0 39             
0619350109낸2019040300120934146140133 22  9 18 4723 3A3       
0619350110낸2019040310230215152144137 14  7 15 3423 3A3       
0619350111낸2019040300130214152134132 17 21 21 60             
0619350112낸2019040310720945141126127 23 23 20 6422 410       
0619350113낸2019040310210414153126141 13 24 11 41             
0619350114낸2019040300130214150142130 19 13 23 56             
0619350115낸2019040310220914144131127 22 22 25 64             
0619350116낸2019040310220915146132128 20 21 24 64             
0619350201낸2019040310710415143126131 22 25 18 6321 3A3       
0619350202낸2019040300120934142132131 26 17 20 6011 405       
0619350203낸2019040310210445140134131 25 20 19 5923 3A3       
0619350204낸2019040310210415152127138 14 28 14 53             
0619350205낸2019040310220914137135127 29 17 25 6312 3A3       
0619350206낸2019040300120914159139133 10 12 20 4623 3A3       
0619350207낸2019040310730215145128137 20 23 12 5123 3A3       
0619350208낸2019040310220914139132128 27 22 24 6522 3A3       
0619350209낸2019040310210414141128130 25 23 22 62             
0619350210낸2019040300130214150134129 19 21 24 66             
0619350211낸2019040311211036155136122 10 14 21 50             
0619350212낸2019040310220915143132134 23 19 18 5532 705       
0619350301낸2019040300130214164134135  5 17 18 4523 3A3       
0619350302낸2019040310230236156136126  9 18 24 5713 3A3       
0619350303낸2019040310230214146140132 20 12 20 46             
0619350304낸2019040300130214143128146 26 27  7 52             
0619350305뒞2019032100130214152132133 16 21 18 56             
0619350306낸2019040311030215144132136 21 16 11 4123 3A3       
0619350307낸2019040310230214153130126 13 23 26 6123 410       
0619350308낸2019040311030214144129126 21 18 21 5321 3A3       
0619350309낸2019040310210415140123138 26 32 14 65             
0619350310낸2019040310230235142138134 23 16 16 5032 8OP       
0619350311낸2019040310210414137134136 29 21 16 55             
0619350312낸2019040310720945152132125 12 19 22 56             
0619350313낸2019040310230214143134128 23 18 24 59             
0619350314낸2019040311020915150124126 15 23 21 58             
0619350315낸2019040300120914155138127 14 13 26 5721 3         
0619350316낸2019040300130214148140135 21 15 18 52             
0619350401낸2019040310220914156134123 10 18 29 5823 405       
0619350402낸2019040310210415152130137 14 25 15 52             
0619350403낸2019032711030215145126132 19 20 14 4721 3A3       
0619350404낸2019040310730255155150137  9  0 10 19             
0619350405낸2019040311030215152128125 13 21 22 56             
0619350406낸2019040300120914137136135 32 19 18 63             
0619350407낸2019040310230244150133131 15 18 19 4723 3A3       
0619350408낸2019040301110414154136132 12 15 17 46             
0619350409낸2019040300130214153132131 16 18 22 5822 3A3       
0619350410낸2019040310220944147128135 18 25 15 50             
0619350411낸2019040300130214157135130 12 16 23 5523 3A3       
0619350412낸2019040310730215148132132 17 18 17 5223 405       
0619350413낸2019040310220914146124136 20 30 16 58             
0619350414낸2019040300130214154135126 15 16 27 6211 505       
0619350415낸2019040310220915150122134 16 33 18 66             
0619350501낸2019040311020915150126123 15 21 24 6123 405       
0619350502낸2019040311030245134137120 30 10 25 60             
0619350503낸2019040310230214161138126  5 15 26 4822 510       
0619350504낸2019040300120914158146134 11  4 19 3723 3A3       
0619350505낸2019040300110414148134131 21 16 22 5933 505       
0619350506낸2019040300130214144130131 25 21 22 6623 505       
0619350507낸2019040310210435154132131 11 22 19 5213 705       
0619350508낸2019040300120914141130130 28 20 23 6923 3A3       
0619350509낸2019040300110414148134128 21 16 25 632  305       
0619350510낸2019040310210415146123132 20 29 20 67             
0619350511낸2019040310220915152136132 14 19 20 53             
0619350512낸2019040310230214156136142 10 19 10 3311 3A3       
0619350513낸2019040310220915144142130 22  8 22 49             
0619350514낸2019040310230214137140134 29 15 18 5233 305       
0619350515낸2019040300121034151132127 17 17 24 6122 3         
0619350516낸2019040311030215152136126 13 11 21 4523 3A3       
0619350517낸2019040310220914138136132 28 19 20 57             
0619350518佳01904050A1 16 0                                  
0619350601佳01904050A1 16 0                                  
0619350602佳01904050B1 16 0                                  
0619350603佳01904050A1 16 0                                  
0619350604낸2019040310230215149136135 17 19 17 5133 3A3       
0619350605낸2019040300120914143131131 26 24 22 70             
0619350606낸2019040310210415152127142 14 27 10 47             
0619350607낸2019040310230215148132137 18 23 15 52             
0619350608낸2019040300120914143140128 26 10 25 6011 3         
0619350609佳01904050A1 16 0                                  
0619350610낸2019040300130234142134134 26 16 17 5522 3A3       
0619350611낸2019040300110414143136129 26 19 24 68             
0619350612낸2019040300130214151138131 18 17 22 58             
0619350613낸2019040300110414149137135 20 18 18 55             
0619350701낸2019040310220914133132128 33 20 24 67             
0619350702낸2019040310230224139128130 27 27 22 67             
0619350703낸2019040310230215150124132 16 28 20 6333 410       
0619350704낸2019040310230214154130129 12 25 23 58             
0619350705낸2019040300130214146134129 23 21 24 68             
0619350706낸2019040300120914142132129 27 19 24 6823 3A3       
0619350707낸2019040301130214138127129 28 24 20 69             
0619350708낸2019040300121014146131135 23 24 18 63             
0619350709佳01904050A1 16 0                                  
0619350710낸2019040311020915138127130 27 20 17 56             
0619350711낸2019040310230215148128132 18 27 20 63             
0619350712낸2019040300130214165134134  4 21 19 50             
0619350713낸2019040310230244143129133 22 25 17 55             
0619350714낸2019040300120914146140132 23 11 21 542  3A3       
0619350715낸2019040310220935148134135 17 20 15 4923 405       
0619350716낸2019040310710415146134128 19 17 21 57             
0619350801낸2019040310230235150134130 15 20 20 55             
0619350802낸2019040300110414137130134 32 25 19 70             
0619350803낸2019040310220956145131133 20 20 17 57             
0619350804낸2019040310220916150133131 16 22 21 6122 405       
0619350805낸2019040310220916154134134 12 20 18 5323 405       
0619350806낸2019040310230215150130131 16 21 21 58             
0619350807낸2019040310230235146134132 19 19 18 5323 410       
0619350808낸2019040310210435146136134 19 18 16 5023 305       
0619350809낸2019040310230246150131134 15 21 16 5322 405       
0619350810佳01904050A1 16 0                                  
0619350811낸2019040310220915144132135 22 22 17 5633 410       
0619350812낸2019040310210414143126133 23 28 19 6231 505       
0619350901괉2019040211220916160128119  7 24 27 66             
0619350902낸2019040310230214144141132 22 13 20 4823 410       
0619350903낸2019040300120914148134130 21 17 23 6123 605       
0619350904낸2019040300130234147136132 21 18 19 57             
0619350905낸2019040310230214146128128 20 23 24 62             
0619350906낸2019040300130224153131128 16 24 25 68             
0619350907낸2019040301121014145128125 21 23 24 69             
0619350908낸2019040310230215150134130 16 19 22 5723 3OP       
0619350909낸2019040300130214151132135 18 23 18 59             
0619350910낸2019040301120914148135126 18 16 23 59             
0619350911낸2019040310230234137140131 28 14 19 51             
0619350912낸2019040311230215150138125 16 12 20 43             
0619351001낸2019040310230235144129128 21 25 22 66             
0619351002낸2019040300130224150129129 19 26 24 71             
0619351003낸2019040310230214137127128 29 27 24 7121 405       
0619351004낸2019040310210414147133135 19 22 17 51             
0619351005낸2019040311030215139133124 26 16 23 60             
0619351006낸2019040301130214149134129 17 17 20 55             
0619351007낸2019040301110414152136122 14 11 27 5711 3A3       
0619351008낸2019040310230215152142128 14 12 24 5123 810       
0619351101낸2019040301130214149144126 17  3 23 4512 610       
0619351102낸2019040310220914139126127 27 29 25 73             
0619351103낸2019040301110444145130117 20 20 30 74             
0619351104낸2019040310230235146125129 19 28 21 6623 510       
0619351105낸2019040300121034155141129 13  8 22 4622 505       
0619351106佳01904050B1 16 0                                  
0619351107낸2019040310220914144132127 22 22 25 64             
0619351108낸2019040310210414139131129 27 23 23 65             
0619351109낸2019040311230214135124127 31 26 18 5823 305       
0619351110낸2019040310230235148132130 17 21 20 5723 410       
0619351111낸2019040310230215148123128 18 32 24 7422 505       
0619351112낸2019040301120914147131131 19 16 18 5311 305       
0619351113佳01904050A1 16 0                                  
0619351114낸2019040310230245151132128 14 21 22 5813 510       
0619351115낸2019040310221034147143121 18 10 29 5513 516       
0619351201낸2019040310220915143132128 23 19 24 6412 3A3       
0619351202뒞2019040410220934140134133 23 14 15 42             
0619351203낸2019040310730215148136130 17 15 19 51             
0619351204낸2019040300110414151130129 18 25 24 69             
0619351205낸2019040310210414139126134 27 28 18 6333 3A3       
0619351206낸2019040311030215146128123 19 21 24 63             
0619351207낸2019040300130214146136128 23 15 25 6311 510       
0619351208낸2019040310230214148134133 18 21 19 52             
0619351209낸2019040300130214145140135 24 10 18 4923 405       
0619351210낸2019040310230234145126129 20 27 21 62             
0619351211낸2019040310210415138122127 28 29 25 7911 305       
0619351212낸2019040310230216150138134 16 17 18 5223 3A3       
0619351213낸2019040310710415142134128 23 16 21 59             
0619351214낸2019040310220915144130134 22 25 18 61             
0619351215佳01904050B1 16 0                                  
0619351216낸2019040310210415146128136 20 27 16 59             
0919250101낸2019040301110444153132123 12 14 24 5522 3OP       
0919250102낸2019040301110414146128130 20 23 19 62             
0919250103낸2019040311230226145136130 21 15 15 49             
0919250104낸2019040301121014142142126 24  9 23 56             
0919250105낸2019040301110434139132137 26 13 10 4331 3A3       
0919250106낸2019040301110414146126128 20 25 21 66             
0919250107낸2019040301130214153140135 13  7 14 3413           
0919250108낸2019040311210416153134127 13 18 18 5223 3         
0919250109낸2019040301130214142135135 24 16 14 50             
0919250110낸2019040311230214167149127  0  3 18 16             
0919250111낸2019040311230216153137127 13 11 18 45             
0919250112낸2019040311230236153132127 12 18 16 4821 3A3       
0919250113낸2019040301130214161140133  5 11 16 36             
0919250114낸2019040301120914138141137 28 10 12 44             
0919250115낸2019040301110424147139127 19 12 22 54             
0919250116낸2019040301130214150128124 16 23 25 68             
0919250201낸2019040301110444140123127 25 23 20 6613 3A3       
0919250202낸2019040301130214148140135 18 11 14 41             
0919250203괉20190402011302 4144131142 23 21  8 46             
0919250204낸2019040301120934143126124 22 24 23 69             
0919250205낸2019040311710415141133120 22 15 20 52             
0919250206낸2019040301110414140128126 26 23 23 71             
0919250207낸2019040311210436147128123 18 21 20 6011 816       
0919250208낸2019040311230236149125134 16 25  9 4832 405       
0919250209낸2019040311710436150132121 12 13 17 4323 3A3       
0919250210낸2019040311210415140132123 26 16 22 56             
0919250211낸2019040301130214140130129 26 21 20 65             
0919250212낸2019040311730216150132121 13 15 19 4821 3         
0919250213낸2019040301110414140128134 26 19 15 5611 305       
0919250214낸2019040301130244143130129 22 15 18 5433 3A3       
0919250215낸2019040311230216147130125 19 21 20 6113 305       
0919250216낸2019040301130214147148135 19  3 14 34             
0919250301낸2019040301120944139134122 26 11 25 6212 3A3       
0919250302낸2019040311210415140132123 26 17 22 57             
0919250303낸2019040301110434142135128 23 15 19 55             
0919250304낸2019040301110414151133132 15 18 17 51             
0919250305낸2019040311230234150130119 15 21 24 51             
0919250306낸2019040311210446143135123 22 15 20 5711 305       
0919250307낸2019040301110414134126138 32 21 11 5611 3         
0919250308낸2019040311230235150136134 15 13  9 29             
0919250309낸2019040301110414146140131 20 11 18 48             
0919250310낸2019040311230236145126128 20 23 15 57             
0919250311낸2019040301130214142142133 24  5 16 4223 3A3       
0919250312낸2019040311210416145129132 21 22 13 5431 505       
0919250313낸2019040301130214154133131 12 14 18 4612 305       
0919250314낸2019040311220934132130124 33 20 19 5423 305       
0919250315낸2019040301121014138130132 28 21 17 62             
0919250316낸2019040301110414140127127 26 20 22 6633 610       
0919250401낸2019040311710436146135119 16 11 19 4631 3         
0919250402낸2019040311220916152138117 14 13 28 61             
0919250403낸2019040311410436152138117 12  9 20 44             
0919250404낸2019040301110434149136123 16  9 24 5213 3A3       
0919250405낸2019040301110444144132125 21 14 22 5723 405       
0919250406낸2019040301110414151134122 15 17 27 64             
0919250407낸2019040301130234153138127 12 12 20 47             
0919250408낸2019040301110414148131133 18 15 16 4833 3A3       
0919250409낸2019040301121014150144137 16  7 12 33             
0919250410낸2019040311730216133135125 30 11 15 49             
0919250411낸2019040301120934152134120 13 16 27 62             
0919250412낸2019040311210415136129129 30 21 16 55             
0919250413낸2019040301110414143126133 23 20 16 5633 410       
0919250414낸2019040301110414142134130 24 13 19 5433 305       
0919250415낸2019040311710415134138120 29  8 20 50             
0919250416낸2019040301120934139129130 26 21 17 60             
0919250417낸2019040311730245140128122 22 17 16 4923 3A3       
0919250418낸2019040311230235146127120 19 23 23 60             
0919250501낸2019040311230235150136120 15 14 23 49             
0919250502낸2019040301110434144136128 21 14 19 53             
0919250503낸2019040311210446154129122 11 21 21 5823 4A3       
0919250504낸2019040301110414148128123 18 23 26 70             
0919250505낸2019040301130214147134128 19 12 21 5311 3A3       
0919250506낸2019040301110414153130127 13 16 22 5511 3A3       
091925050720190331011302 4162141133  5 11 17 37             
0919250508낸2019040311220916153132123 13 20 22 59             
0919250509낸2019040301130214147133127 19 14 22 5623 305       
0919250510낸2019040311210455138129124 27 21 19 58             
0919250511낸2019040311210446153124123 12 24 20 6031 4A3       
0919250512낸2019040311210416143128131 23 22 14 5611 3A3       
0919250513낸2019040301130234165140122  0  6 25 4123 3A3       
0919250601괉20190402011302 4154130135 13 22 15 50             
0919250602낸2019040301121034149128126 16 17 21 5613 405       
0919250603낸2019040301130244153130122 12 20 25 62             
0919250604낸2019040301121034141128121 24 22 26 73             
0919250605낸2019040301120944157136125  8  9 22 452  405       
0919250606낸2019040301121014142134123 24 17 26 68             
0919250607낸2019040311230214128124127 38 26 18 6123 305       
0919250608깵201904010B130244                                  
0919250609낸2019040301121014151137126 15 14 23 55             
0919250610낸2019040301130214150143143 16  8  6 26             
0919250611낸2019040311230216142124125 24 28 20 71             
0919250612낸2019040301110414149132126 17 14 23 5711 3A3       
0919250701낸2019040301130214151136128 15 15 21 53             
0919250702낸2019040311730215144124116 19 24 24 65             
0919250703낸2019040301120914146126130 20 25 19 64             
0919250704낸2019040311210416143130131 23 22 14 56             
0919250705낸2019040301130214153130129 13 21 20 57             
0919250706낸2019040301110414152135121 14 16 28 64             
0919250707낸2019040301110434146126124 19 19 23 6321 3A3       
0919250708낸2019040301121034146130131 19 20 16 54             
0919250709낸2019040301130214148134130 18 17 19 54             
0919250801낸2019040311230216151132126 15 17 19 5321 3A3       
0919250802낸2019040301110414141132126 25 19 23 66             
0919250803낸2019040301110414145128129 21 23 20 64             
0919250804낸2019040311420916138120121 27 26 18 67             
0919250805낸2019040311210416151125129 15 27 16 5931 3A3       
0919250806낸2019040311210416151131125 15 21 20 59             
0919250807낸2019040301110414134128130 32 23 19 69             
0919250808낸2019040311420916144134117 21 16 22 59             
0919250809낸2019040301111014133136134 33 10 15 5111 3A3       
0919250810낸2019040301110414144138126 22 13 23 58             
0919250811낸2019040311210446141124132 24 25 11 56             
0919250812낸2019040311220916139132130 27 20 15 58             
0919250813낸2019040311210455148126115 17 25 28 68             
0919250814낸2019040301110414148124123 18 27 26 74             
0919250815낸2019040301130214145134128 21 13 21 5533 405       
0919250816낸2019040301110414155132128 11 19 21 55             
0919250901낸2019040311710435141130111 21 17 27 63             
0919250902낸2019040310220914161136126  5 18 26 5123 3A3       
0919250903낸2019040301130214141127122 25 24 27 77             
0919250904낸2019040301110414150138121 16  9 28 5823 405       
0919250905낸2019040301120914147143127 19  3 22 4533 305       
0919250906낸2019040301110414136122124 30 29 25 82             
0919250907낸2019040301110414140128127 26 23 22 69             
0919250908낸2019040310220915140130132 26 22 20 63             
0919250909낸2019040310221014149129127 17 22 25 60             
0919250910낸2019040301120944154132122 11 18 25 60             
0919251001낸2019040311210415148131124 18 20 21 54             
0919251002낸2019040301121014144134124 22 17 25 65             
0919251003낸2019040301120914136123128 30 28 21 75             
0919251004낸2019040311730244146130123 16 15 15 38             
0919251005낸2019040311230216151141121 15 10 24 53             
0919251006낸2019040301110434138127128 27 18 19 6123 510       
0919251007낸2019040301110414157136123  9 10 26 5223 5OP       
0919251008낸2019040311230236154133120 11 16 23 56             
0919251009낸2019040311210426143136118 23 16 27 68             
0919251101낸2019040301130234144129123 21 21 24 67             
0919251102낸2019040311710415144132117 19 14 23 54             
0919251103낸2019040311230236143130118 22 19 25 67             
0919251104낸2019040301120914145124121 21 22 28 7422 305       
0919251105낸2019040301130214154134128 12 17 21 54             
0919251106낸2019040311230235150134118 15 16 25 54             
0919251107낸2019040301110414146133122 20 13 27 6311 405       
0919251108낸2019040311630225148124123 17 18 16 51             
0919251109낸2019040301130214147128122 19 18 27 6721 3A3       
0919251110낸2019040301120914153138124 13 13 25 56             
0919251111낸2019040301130214139132136 27 19 13 53             
0919251112낸2019040311230214150132116 16 18 29 55             
0919251113낸2019040311620915153119119 13 25 23 66             
0919251114낸2019040301110414144122121 22 29 28 81             
0919251201낸2019040311210416147133128 19 19 17 5531 505       
0919251202뒞2019040401130214145134130 21 17 18 54             
0919251203낸2019040311220946149128118 16 22 25 6721 3A3       
0919251204낸2019040311220914148132121 18 19 24 51             
0919251205낸2019040301130244140131136 25 19 11 49             
0919251206낸2019040301110414150138130 16 13 19 49             
0919251207낸2019040301110414146134121 20 17 28 68             
0919251208낸2019040311210415142124127 24 27 18 6031 3         
0919251209낸2019040301110434148130123 17 20 24 64             
0919251210낸2019040301130234141124124 24 21 23 6812 516       
0919251211낸2019040311230216144140125 22 11 20 5323 3OP       
0919251212낸2019040301121014149130126 17 21 23 63             
0919251213낸2019040311230215152136123 14 14 22 4623 405       
0919251214낸2019040301130214141134129 25 12 20 5523 405       
0919251215낸2019040301120934138126125 27 20 22 6713 5OP       
0919251216낸2019040301110414141132130 25 19 19 61             
