031911010116104642マノアフォールズ　　　　　　　　　　  2.2  1.2 20.0 20.0 13.3 18 13.0                           
031911010216100786プリマコロン　　　　　　　　　　　　 58.5  9.9-11.3-20.0-10.7 -6  0.0                           
031911010316102241ケンブリッジウルス　　　　　　　　　 49.9  8.7 -7.0 -7.5 -4.8  0  0.0                           
031911010416103042ディーエスブルーム　　　　　　　　　 40.7  7.2-10.0-19.5-10.1 -5  0.0  0                        
031911010516106037メイプルランド　　　　　　　　　　　 12.4  2.7  8.8 -3.5  1.4  6  0.0                           
031911010616105194ジェイコブ　　　　　　　　　　　　　 14.3  3.0  9.3  6.0  5.0 10  0.0                           
031911010716105584ブルーコンパクタ　　　　　　　　　　  4.9  1.6 11.3 13.4  8.3 13  7.9                           
031911010816101038マカルーテソーロ　　　　　　　　　　 12.6  2.7 15.5  5.7  6.7 12  0.0                           
031911010916103102ゴーインピース　　　　　　　　　　　 17.2  3.5 -2.0  3.0  0.5  5  0.0                           
031911011016100079バンカーズギャル　　　　　　　　　　 41.4  7.3-10.8-11.9 -7.6 -3  0.0                           
031911011116102830オイデ　　　　　　　　　　　　　　　 80.2 13.3-10.8-10.8 -7.2 -2  0.0                           
031911011216104081ディアマキニスタ　　　　　　　　　　  4.6  1.5 15.0  4.0  6.0 11 14.2                           
031911011316100966サンタコマ　　　　　　　　　　　　　 86.7 14.3-10.0-10.0 -6.7 -2  0.0                           
031911011416105480ボーイズオブサマー　　　　　　　　　 15.8  3.3 -3.3 12.0  3.4  8  9.8                           
031911011516106020サクラトップハロー　　　　　　　　　 83.0 13.7-10.8 -5.0 -5.1  0  0.0                           
031911020116104245リフタスフェルト　　　　　　　　　　  4.8  1.7 14.1 10.0  7.9 13  7.9                           
031911020216100608アムルーズ　　　　　　　　　　　　　133.1 26.5-11.3 -7.7 -6.2 -1  0.0                           
031911020316100979リネンリボン　　　　　　　　　　　　 20.0  4.7 -5.5 -2.4 -2.5  2  0.0                           
031911020416102325ザセイシュンズモウ　　　　　　　　　 24.9  5.6  8.8  3.7  4.0  9  0.0                           
031911020516104534ネブローザ　　　　　　　　　　　　　 34.1  7.5 20.0-10.0  2.3  7  0.0                           
031911020616105298ロールラフィネ　　　　　　　　　　　 71.0 14.4-10.0 -9.8 -6.6 -2  0.0                           
031911020716106177ゴールドプリュム　　　　　　　　　　 26.6  6.0-10.0-13.5 -7.9 -3  0.0                           
031911020816105600マナカ　　　　　　　　　　　　　　　  4.1  1.6 11.4 16.3  9.4 14  7.3                           
031911020916100521タガノガッキー　　　　　　　　　　　 75.3 15.3 -7.0 -7.5 -4.8  0  0.0                           
031911021016101501アマゾニカ　　　　　　　　　　　　　  3.9  1.6 10.0 16.6  9.1 14 13.0                           
031911021116103023アイヴィーサ　　　　　　　　　　　　 13.3  3.4-10.0 11.2  1.1  6  9.2                           
031911021216100361ローブドール　　　　　　　　　　　　 69.3 14.1-10.0 -2.0 -3.7  1  0.0                           
031911021316106130アニヴェルセル　　　　　　　　　　　 34.2  7.5-10.0-14.1 -8.2 -3  0.0  0                        
031911021416106574ローマノキュウジツ　　　　　　　　　  5.3  1.9 16.5 23.8 13.7 19  0.0  2                        
031911021516100953スペロラルーチェ　　　　　　　　　　 52.2 11.1-11.3 -1.0 -3.8  1  0.0                           
031911021616104938ダズリン　　　　　　　　　　　　　　  7.5  2.4  8.0  2.0  3.1  8  8.6                           
031911030116105726アンビシャススター　　　　　　　　　 58.7 10.7-10.0-12.6 -7.6 -3  0.0  0                        
031911030216102565バーンスター　　　　　　　　　　　　  8.2  2.3  8.7  2.9  3.7  9  0.0                           
031911030316104201カガストロング　　　　　　　　　　　  4.5  1.6 15.0 12.3  9.0 14 15.3                           
031911030416106546サンマルフラッシュ　　　　　　　　　 93.4 16.7-10.8-16.4 -9.3 -4  0.0  0                        
031911030516103141デライーガー　　　　　　　　　　　　 10.7  2.6 10.3  2.6  4.0  9  9.7                           
031911030616103864ビービーオネスト　　　　　　　　　　  8.6  2.4  7.8  8.0  5.3 10  0.0                           
031911030716103025シナリオライン　　　　　　　　　　　 30.6  6.1 -1.3 -5.6 -2.4  3 10.9  5                        
031911030816102524スマートフルーレ　　　　　　　　　　  2.8  1.3 20.0 27.4 16.0 21 13.0  1  180   54              
031911030916102055グロリアスホープ　　　　　　　　　　 62.7 11.4-11.3 -8.3 -6.4 -1  0.0                           
031911031016104392スキッピングロック　　　　　　　　　  4.2  1.5 10.0 13.2  7.8 13  0.0  3                        
031911031116100029デルマソルボンヌ　　　　　　　　　　146.4 25.8-10.0-18.2 -9.7 -5  0.0                           
031911031216105033ブーケオブジュエル　　　　　　　　　 20.2  4.3  6.0-18.7 -5.1  0  0.0                           
031911031316102053ナムラマナナ　　　　　　　　　　　　 26.9  5.4-10.8-10.8 -7.2 -2  0.0                           
031911031416101800ナムラシンゲキ　　　　　　　　　　　 40.4  7.8  0.4  1.2  0.6  6  0.0                           
031911031516103370ヒャクダン　　　　　　　　　　　　　 73.4 13.3-10.8-10.8 -7.2 -2  0.0                           
031911040113100999エイム　　　　　　　　　　　　　　　 40.8  7.9-10.0 11.2  1.1  1  0.0                           
031911040215100852セイウンフォーカス　　　　　　　　　 13.8  3.1  6.5  0.4  2.1  2  0.0                           
031911040312102942コスモバーダン　　　　　　　　　　　 12.7  2.9  7.5 13.0  7.0  7  0.0                           
031911040415104000ニコラオス　　　　　　　　　　　　　 67.5 12.3-10.0 -1.0 -3.4 -3  0.0                           
031911040511100715ベストドリーム　　　　　　　　　　　  3.2  1.4 20.0  3.2  7.2  7 13.0                           
031911040613102344リネンソング　　　　　　　　　　　　 25.1  5.1 -3.3 -5.7 -3.1 -3  0.0                           
031911040712100991テイエムフタエマル　　　　　　　　　  3.5  1.4 15.1 17.1 10.8 11 14.2                           
031911040815106159ボニータミノル　　　　　　　　　　　 71.0 12.9-10.0-10.0 -6.7 -7  0.0                           
031911040914103950インフルエンサー　　　　　　　　　　 57.2 10.5-10.0-10.0 -6.7 -7  0.0                           
031911041012100997クリノダイスーシー　　　　　　　　　 25.3  5.1-10.0 -2.0 -3.7 -4  0.0                           
031911041115106036タニノミステリー　　　　　　　　　　  6.5  2.0  8.7 10.3  6.4  6  0.0                           
031911041212104808ロジチャリス　　　　　　　　　　　　  4.3  1.5 15.4 22.5 12.9 13 15.3                           
031911041313101904マイネルヴァッサー　　　　　　　　　 20.4  4.3  3.0  9.0  4.2  4  0.0                           
031911041415105651マサト　　　　　　　　　　　　　　　 50.6  9.6-10.8-10.8 -7.2 -7  0.0                           
031911050110100880ドリームハヤテ　　　　　　　　　　　 33.3  7.2-10.0-18.5 -9.8 10  0.0                           
031911050214101357シゲルボブキャット　　　　　　　　　 20.0  4.7  8.6  3.8  4.0 24  0.0                           
031911050312103615ツジスーパーサクラ　　　　　　　　　 36.7  7.9-10.8-10.8 -7.2 13  0.0                           
031911050411104402パッシングブリーズ　　　　　　　　　 11.5  3.0  6.5 12.7  6.6 27  0.0  5                        
031911050514109137コウユーヌレエフ　　　　　　　　　　  6.1  2.0 12.9 11.8  8.2 28  0.0                           
031911050612103680トラキアンコード　　　　　　　　　　  3.2  1.5 19.4 14.2 11.0 31 13.0                           
031911050714103265メイショウヒカル　　　　　　　　　　 27.3  6.0-10.8-10.8 -7.2 13  0.0                           
031911050812104925ヴェラヴァルスター　　　　　　　　　 15.8  3.8-11.3  6.6 -1.0 19  0.0  5                        
031911050913101974シゲルスズキ　　　　　　　　　　　　 42.3  9.0-10.8-10.8 -7.2 13  0.0                           
031911051013103229ヤマタケジャイアン　　　　　　　　　 49.2 10.3-10.0 -8.2 -6.0 14  0.0                           
031911051115101595キングジョーカ　　　　　　　　　　　 21.5  4.9-11.3 20.0  3.9 24  0.0                           
031911051215105665スマートギャツビー　　　　　　　　　  9.1  2.7  5.3  0.6  1.8 22  0.0                           
031911051313104800ヤマカツリーダー　　　　　　　　　　  4.9  1.8 10.2 13.5  8.0 28 14.2                           
031911051414104260クリュティエ　　　　　　　　　　　　  5.4  1.9  8.8  2.3  3.5 23 15.3                           
031911060114106250プロディジャス　　　　　　　　　　　 36.2  7.5-11.3 23.8  5.3 25 12.6                           
031911060213105383チビノヴァルタン　　　　　　　　　　  3.3  1.5 17.5  9.7  8.8 29  6.7                           
031911060311104568コウセイマユヒメ　　　　　　　　　　 29.2  6.2 -2.0 -0.6 -0.8 19  0.0                           
031911060415109077シングシングシング　　　　　　　　　 40.3  8.3-11.3-14.1 -8.6 11  0.0  0                        
031911060515101327クロフネプリンセス　　　　　　　　　 29.8  6.3 -7.0 -7.5 -4.8 15  0.0                           
031911060615104498スプレンジーナ　　　　　　　　　　　138.6 26.2-10.0-18.9 -9.9 10  0.0  0                        
031911060715105621ブルベアクワイ　　　　　　　　　　　 13.4  3.2  9.3  7.6  5.6 26 10.4  5                        
031911060815105429ミラビリア　　　　　　　　　　　　　  5.2  1.8 18.5  6.0  7.8 28  7.9                           
031911060915100878コハルチャン　　　　　　　　　　　　 38.3  7.9-10.0-15.1 -8.5 11  0.0                           
031911061014103559フェルトベルク　　　　　　　　　　　  4.2  1.6 15.3 11.8  8.9 29  7.3                           
031911061113101023ショウナンマシェリ　　　　　　　　　 12.4  3.1  0.6 13.2  5.0 25  9.2                           
031911061215101823カグラヤルージュ　　　　　　　　　　 11.3  2.8  6.0  3.4  3.0 23  0.0                           
031911061315103335メイショウハニー　　　　　　　　　　  9.4  2.7 11.0  7.3  6.0 26  0.0                           
031911061415104547エトワールドパリ　　　　　　　　　　 13.2  3.2-11.3 13.0  1.4 21  0.0                           
031911061515104115アンフィーサ　　　　　　　　　　　　 35.0  7.3-10.0-19.5-10.1 10  0.0  0                        
031911070116100163デュオビギン　　　　　　　　　　　　 18.8  3.8-10.0  2.2 -2.2  3  0.0                           
031911070216100061ケイズデイジー　　　　　　　　　　　100.6 16.8-10.0-18.6 -9.8 -5  0.0                           
031911070316106216タンレイ　　　　　　　　　　　　　　 10.9  2.5 10.0 11.8  7.3 12  0.0  5                        
031911070416103355ルナーアピール　　　　　　　　　　　 22.7  4.4-10.8-11.9 -7.6 -3  0.0                           
031911070516101288キョウエイシンシア　　　　　　　　　100.6 16.8-10.8-10.8 -7.2 -2  0.0                           
031911070616100835ハルノツカイ　　　　　　　　　　　　 99.6 16.7-11.3-17.6 -9.8 -5  0.0                           
031911070716102176フォーピンクカフェ　　　　　　　　　 45.2  8.1-11.3-10.0 -7.1 -2  0.0                           
031911070816101762サンマルジュエル　　　　　　　　　　110.1 18.4-10.8-16.3 -9.2 -4  0.0  0                        
031911070916100491フルクトゥス　　　　　　　　　　　　 43.5  7.9-11.3  8.0 -0.5  5  0.0                           
031911071016105174ファビュラスギフト　　　　　　　　　  9.0  2.3  8.8 10.0  6.3 11  8.5                           
031911071116103733ピンクラグーン　　　　　　　　　　　 36.5  6.7-10.0-10.1 -6.7 -2  0.0                           
031911071216102707シャウエン　　　　　　　　　　　　　  6.5  1.9  8.8 11.1  6.7 12 15.3                           
031911071316104831シャンデフレーズ　　　　　　　　　　  2.3  1.3 20.0 17.5 12.4 17 13.0                           
031911071416105134ペイドバケーション　　　　　　　　　 14.2  3.0  6.0 11.3  5.9 11  0.0  5                        
031911071516110037パリテソーロ　　　　　　　　　　　　  4.7  1.6 13.8 20.0 11.5 16  6.9  4                        
031911071616110162マジカルプリンセス　　　　　　　　　 16.2  3.4  6.5 -5.5 -0.1  5  0.0                           
031911080116104862グラッパディローザ　　　　　　　　　 45.8  9.2 -3.3-11.0 -5.0  0  0.0  0                        
031911080216102252ミレニアムドリーム　　　　　　　　　 46.0  9.2-11.3 19.6  3.8  9  0.0                           
031911080316100849ジェイケイブラック　　　　　　　　　 36.4  7.4-11.3 -4.0 -4.9  0  0.0                           
031911080416100913タイセイアヴァンセ　　　　　　　　　 31.7  6.5-10.0 -2.0 -3.7  1  0.0                           
031911080516103072ショウナンアーサー　　　　　　　　　  4.4  1.6 14.2 14.6  9.6 15  7.3                           
031911080616101204タッチングムービー　　　　　　　　　 14.6  3.4 -1.3 -2.0 -1.1  4  9.1                           
031911080716105682アイアムレジェンド　　　　　　　　　  4.4  1.6 13.0 18.7 10.8 16  7.5  3                        
031911080816103136ブレーヴウィザード　　　　　　　　　 56.8 10.9-10.0 -6.1 -5.2  0  0.0                           
031911080916105496レイヴンキング　　　　　　　　　　　 23.0  4.9  9.3  5.9  5.0 10  0.0                           
031911081016104769エレンボーゲン　　　　　　　　　　　 18.8  4.2 -0.3 -9.8 -3.7  1  9.8                           
031911081116100402ブラックアンバー　　　　　　　　　　 16.3  3.7  7.5 -2.0  1.5  7  0.0                           
031911081216104339レイズアフラッグ　　　　　　　　　　 29.6  6.1 -4.7  0.4 -1.3  4  0.0                           
031911081316104728サンサルドス　　　　　　　　　　　　  3.0  1.4 20.0 21.7 14.0 19 13.0                           
031911081416102356フクヒコ　　　　　　　　　　　　　　 94.7 17.7-10.8-10.8 -7.2 -2  0.0                           
031911081516104714アルテヴェルト　　　　　　　　　　　  7.3  2.2  9.9  5.2  4.9 10  0.0                           
031911081616106494エイシンノヘキレキ　　　　　　　　　 30.8  6.4-10.8-10.8 -7.2 -2  0.0                           
031911090115103085ディアバビアナ　　　　　　　　　　　 39.0  8.9  2.5 -0.4  0.6 21  0.0                           
031911090214103417ウィズアウィッシュ　　　　　　　　　 24.4  5.8-10.0-10.0 -6.7 13  0.0                           
031911090315109048カシノクオーレ　　　　　　　　　　　 47.6 10.7-11.3-20.0-10.7  9  0.0                           
031911090415101034ミフトゥーロ　　　　　　　　　　　　 29.4  6.8 -3.3-20.0 -8.3 12  0.0  0                        
031911090514102027ダノンコスモス　　　　　　　　　　　  3.4  1.6 16.3 14.6 10.2 30  6.7                           
031911090615104093ナイトスプライト　　　　　　　　　　  8.3  2.6 -1.7  1.5  0.0 20  0.0  3                        
031911090713102794ペイシャスナッチ　　　　　　　　　　 96.7 20.5-11.3 -0.4 -3.5 16  0.0                           
031911090814105082ラインジェット　　　　　　　　　　　  8.2  2.6  8.0  5.0  4.2 24  0.0                           
031911090915105768タマモシンプロン　　　　　　　　　　  6.2  2.2 19.8  0.2  6.0 26  6.9  0                        
031911091013105347キセキノツヅキ　　　　　　　　　　　  7.2  2.4 12.3 13.0  8.5 28  0.0                           
031911091114102711リリーメーカー　　　　　　　　　　　  9.5  2.9  9.8 11.9  7.3 27 20.1                           
031911091215100637ハードカウント　　　　　　　　　　　  8.5  2.7 -3.5-10.8 -5.0 15  9.2                           
031911091315103769キンショウ　　　　　　　　　　　　　 28.5  6.7-11.3 -3.8 -4.8 15  0.0                           
031911091413102729サマニー　　　　　　　　　　　　　　 23.7  5.7  1.3 -2.0 -0.3 20  0.0                           
031911091512105320シャイニングカフェ　　　　　　　　　 28.2  6.6  6.0-10.0 -1.9 18  0.0                           
031911091615102956ホーカスポーカス　　　　　　　　　　 14.9  3.8  5.0 11.2  5.6 26 10.9                           
031911100116101440ラージヒル　　　　　　　　　　　　　  6.1  1.9  4.4 -2.0  0.6 21  8.5                           
031911100216104758ジュピターズライト　　　　　　　　　  7.4  2.2 11.0 20.0 10.6 31  9.1  4                        
031911100316103440ニシノイタダキ　　　　　　　　　　　 43.1  8.4-11.3-10.0 -7.1 13  0.0                           
031911100416106606カラテ　　　　　　　　　　　　　　　 21.7  4.6-11.3 -3.1 -4.5 15  0.0                           
031911100516100706レオンドーロ　　　　　　　　　　　　  5.2  1.7 20.0 23.8 14.7 35  6.9  2                        
031911100616101130アキンド　　　　　　　　　　　　　　 25.4  5.2-10.0-17.3 -9.3 11  0.0  0                        
031911100716104693グロオルロージュ　　　　　　　　　　  5.5  1.8  8.8  5.0  4.5 24  7.5                           
031911100816104513トゥアレグ　　　　　　　　　　　　　 13.3  3.1 10.7 -5.5  1.2 21  0.0                           
031911100916101968レターオンザサンド　　　　　　　　　  2.5  1.3 16.9 19.0 12.0 32  6.7                           
031911101016106109タニノドラマ　　　　　　　　　　　　 37.0  7.3 -5.5-10.8 -5.6 14  0.0                           
031911101116104654ウレキサイト　　　　　　　　　　　　 11.7  2.8  8.0  9.8  6.0 26  9.2                           
031911110114102733ロイヤルメジャー　　　　　　　　　　  4.8  1.9  8.0  9.2  5.8 36  6.7  0                        
031911110213103801ニシノラディアント　　　　　　　　　  7.8  2.6  4.5  9.2  4.7 35 18.9  5                        
031911110314105781インシュラー　　　　　　　　　　　　 19.0  5.0 -0.3  5.3  1.9 32  0.0                           
031911110415105214メイケイダイハード　　　　　　　　　  5.9  2.2 21.7 12.6 11.1 41  0.0                           
031911110509100706リバティーホール　　　　　　　　　　 47.4 11.3-11.3-20.0-10.7 19  0.0  0                        
031911110613101575カネトシブレス　　　　　　　　　　　 31.3  7.7-10.8-10.8 -7.2 23  0.0                           
031911110713102031チタンクレバー　　　　　　　　　　　 33.0  8.1-10.0 -9.0 -6.3 24  0.0                           
031911110815103673トンボイ　　　　　　　　　　　　　　  6.4  2.3 13.3 10.0  7.7 38  0.0                           
031911110915100822タイセイアベニール　　　　　　　　　  6.5  2.3  0.6 13.9  5.3 35  8.6                           
031911111015103901ディアサルファー　　　　　　　　　　  5.5  2.1 12.0 13.0  8.4 38  7.3                           
031911111114103601ゲンパチケンシン　　　　　　　　　　 20.2  5.3 -5.5-10.8 -5.6 24  0.0                           
031911111214100253ペスカネラ　　　　　　　　　　　　　 71.9 16.4-10.8-10.8 -7.2 23  0.0                           
031911111315100673コーラルリーフ　　　　　　　　　　　 32.3  7.9-10.8-10.8 -7.2 23  0.0                           
031911111415105192ブルレジーナ　　　　　　　　　　　　 40.5  9.8 -2.8-10.8 -4.8 25 13.2                           
031911111515102817メイショウツバキ　　　　　　　　　　  8.2  2.7  2.6  0.6  1.0 31  0.0                           
031911120115106094フラッシュスタイル　　　　　　　　　 39.6  8.4-11.3-18.2-10.1 10  0.0                           
031911120215101110トーセンクリーガー　　　　　　　　　 22.9  5.1 15.5 -6.2  2.4 22  0.0                           
031911120315100904ソイルトゥザソウル　　　　　　　　　 19.3  4.5 -3.3  7.6  1.8 22 10.9                           
031911120414105467ラディアンスウェイ　　　　　　　　　 59.9 12.1-10.0 -2.5 -3.9 16  0.0                           
031911120514105363ラレゾン　　　　　　　　　　　　　　  5.3  1.9  6.0 10.3  5.6 26 14.2                           
031911120615105202ニシノベースマン　　　　　　　　　　 36.4  7.8-10.8-10.8 -7.2 13  0.0                           
031911120715105210フィールインラヴ　　　　　　　　　　  7.7  2.4 10.7 -2.8  2.2 22  8.5  0                        
031911120814103163エテレインミノル　　　　　　　　　　  3.1  1.5 19.8 18.4 12.7 33  6.7  2                        
031911120914105860モレッキ　　　　　　　　　　　　　　 13.2  3.3  6.8 10.5  5.9 26  0.0                           
031911121014100721マイネルベレーロ　　　　　　　　　　 33.0  7.1-10.0 -1.0 -3.4 17  0.0                           
031911121114105622ステフィン　　　　　　　　　　　　　 99.2 19.5-10.8-10.8 -7.2 13  0.0                           
031911121214105549ホウオウジャンプ　　　　　　　　　　 18.7  4.4-11.3 -2.0 -4.1 16 10.4                           
031911121314100645ペガーズ　　　　　　　　　　　　　　  9.4  2.8 -1.7  0.2 -0.4 20  0.0                           
031911121415105077サトノコメット　　　　　　　　　　　 16.1  3.9-10.0 -2.0 -3.7 16  0.0                           
031911121515104190マハヴィル　　　　　　　　　　　　　  6.1  2.0 10.3 13.6  8.1 28  0.0                           
031911121615100476ウインスラーヴァ　　　　　　　　　　 26.1  5.8-11.3-12.9 -8.1 12  0.0                           
061935010116105319ファムファタル　　　　　　　　　　　  2.5  1.2 19.8 20.1 13.3 18 18.1                           
061935010216105917サクラクリスタル　　　　　　　　　　 20.6  3.6-10.4 -6.2 -5.4  0  0.0  0                        
061935010316101301サンアクロン　　　　　　　　　　　　 41.3  6.5-10.4 -8.8 -6.3 -1  0.0                           
061935010416102430ノボオリエンス　　　　　　　　　　　  6.6  1.7 14.0 13.2  9.0 14 12.5                           
061935010516106459ユメカスミ　　　　　　　　　　　　　 43.7  6.8-11.3-12.5 -8.0 -3 14.4                           
061935010616102386モリトローテローゼ　　　　　　　　　 13.8  2.7 12.6 14.5  9.1 14  0.0                           
061935010716102996フランシス　　　　　　　　　　　　　  2.8  1.3 20.0 11.3 10.1 15 19.8                           
061935010816105279サパムーカンチャイ　　　　　　　　　200.5 28.2-10.0-12.0 -7.4 -2  0.0                           
061935010916102901ファーマダイヤ　　　　　　　　　　　 73.7 10.8-10.0-10.0 -6.7 -2  0.0                           
061935011016101807マブシスギル　　　　　　　　　　　　115.6 16.6-11.3-15.3 -9.0 -4  0.0                           
061935011116104327スタンニングモガ　　　　　　　　　　 33.3  5.4  6.0  2.9  2.9  8  0.0                           
061935011216106301ベリッシモファルコ　　　　　　　　　 19.5  3.5-10.4 -1.1 -3.5  1  0.0  5                        
061935011316100401エリンアクトレス　　　　　　　　　　 56.2  8.4-11.3-19.6-10.6 -6  0.0                           
061935011416101756オルエン　　　　　　　　　　　　　　130.2 18.6-10.0-16.6 -9.1 -4  0.0                           
061935011516103443ニシノドクターヘリ　　　　　　　　　  8.5  2.0  7.6  6.2  4.6 10  0.0                           
061935011616100437ローズドクレア　　　　　　　　　　　 33.6  5.4-11.3  5.5 -1.4  4  0.0                           
061935020116103260シンライ　　　　　　　　　　　　　　  7.9  2.2 10.4 12.8  7.8 13  0.0  5                        
061935020216106599ホワイトストーム　　　　　　　　　　  4.2  1.6 10.0 18.7  9.9 15 19.8                           
061935020316104107タッカーブルー　　　　　　　　　　　 27.7  5.3-11.3-12.7 -8.0 -3  0.0                           
061935020416103679ビュレットベリー　　　　　　　　　　 24.7  4.8 -7.8  5.0 -0.5  4  0.0                           
061935020516105179フィールオーケー　　　　　　　　　　 14.8  3.2  4.9 15.0  7.0 12 10.9                           
061935020616102696マビヨン　　　　　　　　　　　　　　 27.1  5.2-10.0-11.0 -7.0 -2  0.0                           
061935020716105679ヴェンセールシチー　　　　　　　　　 18.9  3.9-10.4 -4.1 -4.6  0  0.0  0                        
061935020816102116キングアゲン　　　　　　　　　　　　  6.1  1.8  8.7 14.2  7.8 13  6.2                           
061935020916100650ファンタスティック　　　　　　　　　  6.4  1.9  9.1  9.3  6.1 11  0.0                           
061935021016105883コングールテソーロ　　　　　　　　　  2.5  1.3 15.0 28.2 14.8 20 18.1                           
061935021116100883ラストリンクス　　　　　　　　　　　 30.5  5.8 -2.9 -4.1 -2.4  3 10.1                           
061935021216101222ソルダートダズル　　　　　　　　　　 57.9 10.2 -5.3-15.2 -7.2 -2  0.0                           
061935030116104105アーチンガイ　　　　　　　　　　　　 48.2  8.6-10.0-12.0 -7.4 -2  0.0  0                        
061935030216110146タイガーキット　　　　　　　　　　　  7.7  2.1  4.2 14.8  6.7 12 15.1                           
061935030316106220オールドロマン　　　　　　　　　　　 21.8  4.2 -5.7 -5.5 -3.7  1  0.0                           
061935030416101394ハンターテソーロ　　　　　　　　　　 13.4  2.9-10.0 16.7  3.1  8 10.3                           
061935030516100803シュンラン　　　　　　　　　　　　　 22.5  4.4 10.0-19.4 -4.1  1  0.0  0                        
061935030616102978フクノナルボンヌ　　　　　　　　　　 53.2  9.4 -7.1-12.5 -6.7 -2  0.0                           
061935030716104299スリーヴリーグ　　　　　　　　　　　  7.7  2.1  6.4  9.3  5.3 10  0.0                           
061935030816105158ダズリングビーチ　　　　　　　　　　 30.8  5.7-13.4  5.6 -2.0  3 10.1                           
061935030916105178シゲルスタールビー　　　　　　　　　 27.7  5.2 -4.8 -8.4 -4.5  0  0.0                           
061935031016100178ゴールドヒューズ　　　　　　　　　　 52.0  9.2-11.3-14.2 -8.6 -4  0.0                           
061935031116105271チャコリーナ　　　　　　　　　　　　 29.1  5.5 -4.9  1.0 -1.1  4  0.0                           
061935031216101710アイムソーグレイト　　　　　　　　　 14.7  3.1-10.4 11.9  1.2  6  0.0                           
061935031316103888アールランペイジ　　　　　　　　　　  2.1  1.2 20.3 26.4 15.8 21 18.1                           
061935031416102562シゲルホタルイシ　　　　　　　　　　  6.1  1.9 10.8  9.0  6.5 12  5.8                           
061935031516100448チェリーマドンナ　　　　　　　　　　 34.5  6.4-10.0 -5.8 -5.1  0 10.6  0                        
061935031616100412パラダイスキャット　　　　　　　　　 92.2 15.4-10.0-16.6 -9.1 -4  0.0                           
061935040116100312ベターハーフ　　　　　　　　　　　　 12.8  2.8  3.7  6.1  3.3  8  0.0                           
061935040216103872ジューンバラード　　　　　　　　　　  8.0  2.1 14.2 14.5  9.6 15  0.0                           
061935040316101751ペシュジェイド　　　　　　　　　　　 66.0 11.0-13.4-15.3 -9.6 -5 11.6                           
061935040416102321ジャストベリー　　　　　　　　　　　 40.1  7.1-10.4  5.3 -1.2  4  0.0                           
061935040516103481ニシノアメイズ　　　　　　　　　　　  6.8  1.9 14.8  5.0  6.3 11  6.2                           
061935040616104261アクトオネストリー　　　　　　　　　 72.8 12.1-10.0  4.8 -1.2  4  0.0                           
061935040716100605エフルラージュ　　　　　　　　　　　  2.2  1.2 21.6 19.6 13.7 19 18.1                           
061935040816103251キタノハピネス　　　　　　　　　　　 21.5  4.1-12.5 -8.1 -6.7 -2  0.0                           
061935040916105031フロンサック　　　　　　　　　　　　 26.6  5.0-10.0-10.5 -6.8 -2  0.0                           
061935041016100189ビレッジベルベ　　　　　　　　　　　 43.3  7.6-11.3 -7.5 -6.1 -1  0.0                           
061935041116102954マリノオークション　　　　　　　　　 46.1  8.1-10.0 -8.3 -6.0 -1  0.0                           
061935041216102951マリノジェノヴァ　　　　　　　　　　 32.7  5.9-10.4-10.8 -7.1 -2  0.0                           
061935041316100628ブルーコーラル　　　　　　　　　　　  4.8  1.6  4.2 20.8  8.9 14 19.8                           
061935041416101287プリマヴェージ　　　　　　　　　　　 24.8  4.7-10.0-11.7 -7.3 -2 12.3                           
061935041516102118ラブインブルーム　　　　　　　　　　 12.9  2.8 11.4  5.4  5.4 10  0.0                           
061935050116103524トランスポーター　　　　　　　　　　  3.3  1.5 18.4 18.8 12.4 17 12.8                           
061935050216104969ミケランジェロ　　　　　　　　　　　  5.6  1.9 16.4  7.2  7.6 13  0.0                           
061935050316103611プッシーウィロー　　　　　　　　　　 65.4 13.1 -8.2-12.2 -6.9 -2  0.0                           
061935050416100411ヴェリートレビアン　　　　　　　　　 35.6  7.6  6.0  2.9  2.9  8  0.0                           
061935050516104312シゲルグリンダイヤ　　　　　　　　　  4.6  1.7  6.0 18.4  8.5 14 14.0                           
061935050616100032ディヴァイン　　　　　　　　　　　　  6.4  2.1 10.0 22.5 11.3 16  7.2  1  213   30              
061935050716106011タイムレスワールド　　　　　　　　　 31.5  6.8  1.7  2.8  1.5  7  0.0                           
061935050816102273モンブランテソーロ　　　　　　　　　  5.4  1.8 12.0 16.0  9.5 14 15.1                           
061935050916102715ゴーアブロード　　　　　　　　　　　129.9 25.3-10.0-14.9 -8.5 -3  0.0  0                        
061935051016103989メイショウジザイ　　　　　　　　　　 26.6  5.8-11.3-10.0 -7.1 -2  0.0                           
061935051116101781タケショウダイヤ　　　　　　　　　　 47.0  9.8-11.3 -8.8 -6.6 -2  0.0  0                        
061935051216103574ハードエイム　　　　　　　　　　　　 83.6 16.5-11.3-19.4-10.5 -6  0.0  0                        
061935051316105642エムティーカイザ　　　　　　　　　　 38.4  8.1-11.3  0.7 -3.1  2  0.0                           
061935051416105137デルマエトワール　　　　　　　　　　100.3 19.7-11.3-12.2 -7.9 -3  0.0                           
061935051516101643アンクレットハート　　　　　　　　　 47.2  9.8-10.0-10.0 -6.7 -2  0.0                           
061935051616100744コンステレーション　　　　　　　　　 25.3  5.6  5.0  0.5  1.7  7  8.2                           
061935051716105521ルッキングフライ　　　　　　　　　　 57.5 11.5-11.3 -6.3 -5.7 -1  0.0                           
061935051816100742ナミブ　　　　　　　　　　　　　　　 19.3  4.5  3.9 12.0  5.6 11  7.7A                          
061935060116101626ギニー　　　　　　　　　　　　　　　 28.8  5.0 -9.5-14.4 -8.1 -3  0.0  0                        
061935060216103553テイエムアラタカ　　　　　　　　　　 63.2  9.9-13.4-16.6-10.1 -5  0.0                           
061935060316102983フィナルタ　　　　　　　　　　　　　 24.0  4.3-12.7 -2.0 -4.5  0  8.2                           
061935060416102447キャストロット　　　　　　　　　　　  3.6  1.4 14.9 19.4 11.6 17 19.8                           
061935060516106458ドラゴンエナジー　　　　　　　　　　 27.5  4.8-10.0 -9.3 -6.4 -1  0.0  0                        
061935060616103487エストレラブランコ　　　　　　　　　  8.5  2.1  8.3  5.0  4.3  9  0.0                           
061935060716102871ラウズアップ　　　　　　　　　　　　 82.2 12.6-11.3 -9.0 -6.7 -2  0.0                           
061935060816101999ローリエテソーロ　　　　　　　　　　  5.7  1.6 12.0 21.2 11.4 16 15.1                           
061935060916103512シャイナ　　　　　　　　　　　　　　 59.7  9.4-12.7-10.0 -7.5 -2  0.0                           
061935061016103739ストロングヘヴン　　　　　　　　　　 25.7  4.5 10.0 -5.5  1.0  6  0.0                           
061935061116100990ペイシャジュエル　　　　　　　　　　  2.3  1.2 15.0 11.0  8.5 14 18.1                           
061935061216102991クロヒョウ　　　　　　　　　　　　　 21.7  3.9-10.0-14.7 -8.4 -3  0.0  0                        
061935061316100842トラストシンゲン　　　　　　　　　　  9.0  2.2  6.0 13.0  6.6 12  0.0                           
061935070116102242スマートマルシェ　　　　　　　　　　  9.0  2.5  4.0 11.9  5.6 26  7.2                           
061935070216104464イベリスリーフ　　　　　　　　　　　  7.7  2.2 11.7 15.6  9.2 29 16.3                           
061935070316102020ガトン　　　　　　　　　　　　　　　 35.0  7.0 -8.8 -7.5 -5.4 15  0.0  0                        
061935070416101264サニーストーム　　　　　　　　　　　  2.3  1.3 19.3 21.4 13.6 34 18.1                           
061935070516101432ディレット　　　　　　　　　　　　　 17.0  3.8-10.0 11.4  1.2 21  0.0  1  248   41              
061935070616101346アンビル　　　　　　　　　　　　　　 42.8  8.4-10.0 -7.5 -5.8 14  0.0                           
061935070716102100マゼ　　　　　　　　　　　　　　　　  7.5  2.2 15.0  5.1  6.4 26  0.0                           
061935070816103402プロトイチバンボシ　　　　　　　　　 25.2  5.2-10.0 -8.0 -5.9 14  0.0                           
061935070916101250マイネルバトゥータ　　　　　　　　　 91.7 16.8-12.7 -1.4 -4.3 16  0.0                           
061935071016104122ワイメアバレイ　　　　　　　　　　　 53.1 10.3 -1.5  7.5  2.3 22  0.0                           
061935071116101560ペイシャリルキス　　　　　　　　　　  7.6  2.2  9.6 23.2 11.4 31 15.2C                          
061935071216103341パイロジェン　　　　　　　　　　　　 12.5  3.0 10.0 -3.7  1.6 22  7.7  0                        
061935071316102142アイアムハヤスギル　　　　　　　　　 51.4 10.0-11.3-10.6 -7.3 13  0.0                           
061935071416105686アンジェリーブル　　　　　　　　　　 14.2  3.3-10.0  0.4 -2.9 17  0.0                           
061935071516106080ペイシャネガノ　　　　　　　　　　　 28.7  5.8  2.7  0.7  1.1 21  0.0                           
061935071616103505オールミラージュ　　　　　　　　　　 64.3 12.0-10.4-10.0 -6.8 13  0.0                           
061935080115104471ファイトアローン　　　　　　　　　　  5.9  1.9 11.2  6.4  5.7 26  6.3                           
061935080214105545ディスカバー　　　　　　　　　　　　 14.4  3.3-10.0 -7.3 -5.7 14  0.0                           
061935080314102106スターフラッシュ　　　　　　　　　　  6.5  2.0 10.6 16.0  9.0 29 16.3                           
061935080415104412ユメノサキ　　　　　　　　　　　　　  5.0  1.7 15.4 19.6 11.8 32 11.6                           
061935080515105399ギガバッケン　　　　　　　　　　　　 11.6  2.7 11.0  6.5  5.7 26  0.0                           
061935080615104973サミットプッシュ　　　　　　　　　　  2.5  1.3 19.3 13.5 10.7 31 18.1                           
061935080715104876ロビンズソング　　　　　　　　　　　 14.3  3.3 -2.1-10.5 -4.5 16  0.0                           
061935080815100559トモジャタイクーン　　　　　　　　　  8.6  2.4  5.9 12.7  6.4 26 10.3                           
061935080915104805ドーファン　　　　　　　　　　　　　 32.0  6.3 -8.2 -1.2 -2.9 17  0.0                           
061935081015100738マイネルスカイ　　　　　　　　　　　 46.8  9.0 -9.0 -4.7 -4.4 16  0.0                           
061935081115106095ユキノアンビシャス　　　　　　　　　 31.5  6.3-11.3-12.5 -8.0 12  0.0                           
061935081213105795フォースリッチ　　　　　　　　　　　 67.7 12.4-11.3-14.4 -8.7 11  0.0                           
061935090114106203シャイントレイル　　　　　　　　　　 13.0  3.2 -2.9  1.0 -0.5 29 10.9                           
061935090215104346エバーミランダ　　　　　　　　　　　 13.5  3.3  9.0 12.2  7.2 37  0.0                           
061935090314102119トーホウアイレス　　　　　　　　　　 25.0  5.5 20.0 -8.0  3.1 33  0.0                           
061935090413103638シャララ　　　　　　　　　　　　　　 66.8 13.2-10.0-10.3 -6.8 23  0.0                           
061935090515104242アヴィオール　　　　　　　　　　　　  3.9  1.5 13.1 14.3  9.2 39 14.0                           
061935090615104719ヴェロニカグレース　　　　　　　　　 16.8  3.9-10.0  9.4  0.4 30  8.6                           
061935090715105193オスカールビー　　　　　　　　　　　 10.9  2.8  9.9 12.9  7.7 38  7.2                           
061935090815104627アストラサンタン　　　　　　　　　　  6.8  2.1  7.5  6.4  4.6 35  6.7                           
061935090914106243ポールヴァンドル　　　　　　　　　　 26.0  5.6-10.0-10.3 -6.8 23  0.0                           
061935091015104183ラテュロス　　　　　　　　　　　　　  3.6  1.5 20.2 27.7 16.2 46  5.3  1  165   57              
061935091115104352ゴージャスランチ　　　　　　　　　　  4.4  1.6 11.6  7.4  6.2 36 15.2                           
061935091214101915レッドストーリア　　　　　　　　　　 23.4  5.2-12.5 -8.3 -6.8 23  0.0                           
061935100115100744マイネルファンロン　　　　　　　　　  5.6  1.7 -2.1  5.9  1.5 37 13.5                           
061935100211103702グランドサッシュ　　　　　　　　　　 28.1  5.4-10.0 -4.7 -4.7 30  0.0                           
061935100315103452ゴールドギア　　　　　　　　　　　　  3.0  1.3 18.0 20.5 12.9 48 12.8  2                        
061935100413105900アクート　　　　　　　　　　　　　　  3.3  1.4 11.5  8.7  6.6 42 14.0 1                         
061935100513105945フェイズベロシティ　　　　　　　　　  6.6  1.9 17.2  4.8  6.9 42 10.3                           
061935100612104792ジュンスパーヒカル　　　　　　　　　 31.3  5.9-12.5-14.2 -9.0 26  0.0  0                        
061935100715104897レノヴァール　　　　　　　　　　　　  4.9  1.6 15.5  9.3  8.1 43  6.2  5                        
061935100813105722レッドイグニス　　　　　　　　　　　  6.8  2.0 14.2  7.4  7.0 42  7.7                           
061935110116106260ワイドファラオ　　　　　　　　　　　 16.9  3.8  1.4  7.7  3.2 58  0.0                           
061935110216100625アフランシール　　　　　　　　　　　 15.2  3.4  5.9 -1.3  1.3 56  7.2                           
061935110316102189メイショウショウブ　　　　　　　　　  4.4  1.6 17.0  6.8  7.6 63  8.8                           
061935110416104475ヴィッテルスバッハ　　　　　　　　　  4.4  1.6 11.3  4.9  5.2 60 21.4                           
061935110516102073ホープフルサイン　　　　　　　　　　 33.7  6.7-10.0-16.7 -9.1 46  0.0                           
061935110616102080ショーヒデキラ　　　　　　　　　　　 33.2  6.6  0.0 25.5  9.4 64  0.0                           
061935110716105199ココフィーユ　　　　　　　　　　　　 27.1  5.5  4.8-10.0 -2.2 53  0.0                           
061935110816109128エリーバラード　　　　　　　　　　　109.0 19.7-11.3-12.2 -7.9 47  0.0                           
061935110916104767アンクルテイオウ　　　　　　　　　　 26.2  5.4-11.7 -6.3 -5.8 49  0.0                           
061935111016100285ダイシンインディー　　　　　　　　　 59.0 11.0-11.3-10.7 -7.3 48  0.0                           
061935111116104681アガラス　　　　　　　　　　　　　　  2.8  1.3 16.1 15.8 10.6 66 18.1                           
061935111216104626ミッキーブラック　　　　　　　　　　 24.1  5.0 -3.4  2.4 -0.1 55  0.0                           
061935111316101865カルリーノ　　　　　　　　　　　　　 16.5  3.7  0.5  0.3  0.3 55  0.0  5                        
061935111416104265グラナタス　　　　　　　　　　　　　  9.3  2.6 -5.0  7.4  1.2 56  0.0                           
061935111516100763コスモカレンドゥラ　　　　　　　　　 24.6  5.1 13.0  8.0  6.8 62  9.2                           
061935120112101143オープンザウェイ　　　　　　　　　　  5.0  1.8 11.1 25.4 12.6 33 21.4                           
061935120215100260タマスカイブルー　　　　　　　　　　 10.8  2.9 10.9  8.4  6.3 26 10.9  5                        
061935120314103036プリンセスヨウク　　　　　　　　　　 12.3  3.2-10.4  8.7  0.1 20  0.0                           
061935120414105635リーゼントシャルフ　　　　　　　　　 27.6  6.3-10.0 -4.7 -4.7 15  0.0                           
061935120515102008フクノヴァランス　　　　　　　　　　 46.7 10.3-11.3 -3.6 -4.7 15  0.0                           
061935120615103802コスモビスティー　　　　　　　　　　  4.8  1.8 16.4  5.0  6.8 27 19.8                           
061935120715101240クラウンクラシック　　　　　　　　　  8.4  2.6  6.0  7.3  4.5 24  0.0                           
061935120814110102ブランメジェール　　　　　　　　　　  3.8  1.6 14.5 27.4 14.4 34 10.6                           
061935120915105459ジョリルミエール　　　　　　　　　　 48.4 10.6-10.0-10.0 -6.7 13  0.0                           
061935121015101366サトノブレイズ　　　　　　　　　　　  6.4  2.2  6.8 13.0  6.8 27  0.0                           
061935121115102168メイプルグレイト　　　　　　　　　　 55.4 11.8-11.3-15.4 -9.0 11  0.0                           
061935121215102565セイウンデルレイ　　　　　　　　　　 84.9 17.7-11.3  0.7 -3.1 17  0.0                           
061935121314103366シャイニングボルト　　　　　　　　　 68.0 14.3-10.4-13.3 -8.0 12  0.0  0                        
061935121414104377エンパシー　　　　　　　　　　　　　 11.9  3.1 -4.8-10.9 -5.4 15  0.0                           
061935121515103277トップギア　　　　　　　　　　　　　 89.0 18.5-13.4-19.4-11.1  9  0.0  0                        
061935121614102825フィールザサンダー　　　　　　　　　 65.6 13.8-11.3-10.0 -7.1 13  0.0                           
091925010116105810ショウナンタンゴ　　　　　　　　　　 68.4 13.1-10.9-10.5 -7.1 -2  0.0                           
091925010216100198トゥールナージュ　　　　　　　　　　 17.9  4.1 12.5 36.3 15.5 20  0.0                           
091925010316100619アイトマコト　　　　　　　　　　　　 44.3  8.9-11.4 -6.6 -6.2 -1  0.0                           
091925010416101792ペプチドフシチョウ　　　　　　　　　  3.7  1.5 16.4 17.4 11.2 16 17.0                           
091925010516102039メイショウセンテ　　　　　　　　　　 59.3 11.4-10.9-13.4 -8.0 -3  0.0                           
091925010616102504イサチルケイ　　　　　　　　　　　　 17.0  3.9 -3.6-11.6 -4.8  0 14.4                           
091925010716103106オルクドール　　　　　　　　　　　　 35.9  7.4-10.9-10.2 -7.1 -2  0.0                           
091925010816110015チャチャチャ　　　　　　　　　　　　  3.5  1.5 10.3 16.2  8.6 14  0.0  5                        
091925010916104997ピエナアイリス　　　　　　　　　　　 13.5  3.2 -5.6 14.9  2.4  7 24.5  5                        
091925011016106533プロンジョン　　　　　　　　　　　　 59.3 11.4-11.4-13.7 -8.3 -3  0.0                           
091925011116105153パーソナルビリーフ　　　　　　　　　 20.0  4.4  0.2 10.5  3.2  8  0.0                           
091925011216105989オリーブティアラ　　　　　　　　　　 33.5  6.9 -5.7-15.0 -6.6 -2  0.0  0                        
091925011316101312エスシーヴァローナ　　　　　　　　　 48.0  9.6-10.9 -6.1 -5.8 -1  0.0                           
091925011416103501ダイヤレイジング　　　　　　　　　　  7.2  2.2 11.2 11.7  7.6 13 10.3                           
091925011516103672マルヨフローラ　　　　　　　　　　　  4.8  1.7  9.9 26.1 11.5 16 17.8  2                        
091925011616103338ピクシーメイデン　　　　　　　　　　 17.6  4.0  3.8 -1.9  0.8  6  0.0                           
091925020116100383テイエムダイリン　　　　　　　　　　 12.0  3.3  1.8-12.6 -3.1  2  8.8                           
091925020216102528マテラサンオウ　　　　　　　　　　　  5.8  2.1  1.1 28.4  8.9 14 17.8                           
091925020316102408パリッシュブルー　　　　　　　　　　 24.1  5.8-10.9 -9.0 -6.7 -2  0.0                           
091925020416102852ピエナクロフネ　　　　　　　　　　　  9.1  2.9 -5.6 10.9  1.2  6  0.0                           
091925020516100174アイファーリーダー　　　　　　　　　 30.8  7.3-10.8-20.0-10.0 -5  0.0                           
091925020616101293グッドヴィジョン　　　　　　　　　　 18.6  4.7  1.2  4.9  1.9  7  0.0                           
091925020716102199テーオーターゲット　　　　　　　　　 25.3  6.1  1.5 -8.7 -2.1  3 19.8                           
091925020816100357ペイシャラストパイ　　　　　　　　　 22.9  5.6  0.6 -3.8 -0.9  4 18.0                           
091925020916106239マッテオ　　　　　　　　　　　　　　109.8 23.5-10.8-10.5 -7.1 -2  0.0                           
091925021016103255ブラックファラオ　　　　　　　　　　 35.9  8.3-11.4-15.2 -8.7 -4  0.0  0                        
091925021116100952ヴァリアント　　　　　　　　　　　　  8.8  2.8  9.7  6.2  5.4 10  0.0                           
091925021216103579ラー　　　　　　　　　　　　　　　　 22.2  5.4 -1.9  1.6 -0.2  5 17.1                           
091925021316103214スマートレムリア　　　　　　　　　　 39.3  9.1-10.9-11.1 -7.3 -2  0.0                           
091925021416100961タガノゴマチャン　　　　　　　　　　  8.0  2.6 12.2 20.0 10.5 15  0.0                           
091925021516105537オメガレインボー　　　　　　　　　　  4.2  1.8 12.5 14.9  9.1 14  8.1                           
091925021616101901テイエムメロディー　　　　　　　　　  5.0  1.9 12.5 14.2  8.8 14  8.8                           
091925030116104368アルディテッツァ　　　　　　　　　　  6.9  1.9 10.2 17.9  9.1 14 10.3  3                        
091925030216100349ケイアイパープル　　　　　　　　　　 18.2  3.6 -1.2 18.2  5.0 10 14.4  3                        
091925030316102014サンセットプリンス　　　　　　　　　 68.0 11.2-10.9-12.8 -7.8 -3  0.0                           
091925030416104909デルマシャンティ　　　　　　　　　　 19.1  3.8 -0.2 -2.0 -0.7  4  0.0  5                        
091925030516105588スペースコロニー　　　　　　　　　　 39.3  6.9  2.5  6.9  3.0  8 32.7                           
091925030616101585ダンツアタッカー　　　　　　　　　　 30.1  5.5-11.4  7.9 -1.8  3  0.0                           
091925030716100195ポインデクスター　　　　　　　　　　 76.8 12.6-10.9-10.7 -7.2 -2  0.0                           
091925030816105662アイタイ　　　　　　　　　　　　　　  2.6  1.3 17.0 18.7 11.8 17 18.0  5                        
091925030916100610カーブドシール　　　　　　　　　　　  3.4  1.4 16.4 28.4 14.5 20  6.2                           
091925031016106550ビービーシャルト　　　　　　　　　　 30.5  5.5 -7.8 -2.5 -3.6  1  0.0                           
091925031116103573ゴルトグランツ　　　　　　　　　　　 62.2 10.3 -4.1 -1.5 -2.0  3  0.0                           
091925031216104193メイショウハナモリ　　　　　　　　　  5.6  1.7 10.1 16.3  8.6 14  8.2                           
091925031316101795ペプチドアスカ　　　　　　　　　　　 59.1  9.8-10.9-10.2 -7.1 -2  0.0                           
091925031416104548スペシャルワン　　　　　　　　　　　 58.9  9.8-11.4 -6.0 -6.0 -1  0.0                           
091925031516100537ヤマカツライアン　　　　　　　　　　 76.4 12.5-10.9-10.2 -7.1 -2  0.0                           
091925031616102533タカノアンジェラス　　　　　　　　　 15.5  3.2 -5.6  7.6  0.2  5  0.0                           
091925040116103167オリアナロゼッタ　　　　　　　　　　 85.4 17.2-10.8-12.3 -7.7 -3  0.0                           
091925040216101465スギノヴォルケーノ　　　　　　　　　  3.9  1.6 12.3  9.8  7.4 12  5.7                           
091925040316106377ヤマイチエルサ　　　　　　　　　　　 53.1 11.2-11.0-10.5 -7.2 -2  0.0                           
091925040416101161ロードアブソルート　　　　　　　　　 14.3  3.5 -5.6 -0.6 -2.2  3  0.0                           
091925040516102625オニール　　　　　　　　　　　　　　 66.7 13.6-10.9-11.9 -7.6 -3  0.0                           
091925040616100634ベストクィーン　　　　　　　　　　　 36.9  8.0-10.9  3.7 -2.9  2  0.0                           
091925040716106242ゼットレオ　　　　　　　　　　　　　 24.5  5.5-10.9  4.8 -2.6  2 32.7                           
091925040816106423ナル　　　　　　　　　　　　　　　　 43.0  9.2-10.9-12.4 -7.7 -3  0.0                           
091925040916102904ボンベール　　　　　　　　　　　　　 44.7  9.5-10.9 -9.0 -6.7 -2  0.0                           
091925041016104983トップオブメジャー　　　　　　　　　 13.9  3.5  1.1 15.7  5.1 10 23.2                           
091925041116104198アレス　　　　　　　　　　　　　　　  4.1  1.7 16.4 19.0 11.7 17  0.0                           
091925041216106225パラーティウム　　　　　　　　　　　  9.3  2.8 -5.7  6.5 -0.1  5  0.0                           
091925041316105164ビッケ　　　　　　　　　　　　　　　 38.8  8.4 -3.6 -6.0 -3.1  2  0.0                           
091925041416104000シャイニーブランコ　　　　　　　　　 17.2  4.1  1.2 -6.0 -1.4  4  0.0                           
091925041516102151メイショウホウジュ　　　　　　　　　  6.8  2.2 13.3 13.1  8.8 14 11.7                           
091925041616104407コパカティ　　　　　　　　　　　　　 12.4  3.2 10.4  0.5  4.0  9 14.4                           
091925041716102031メイショウワカタケ　　　　　　　　　 56.5 11.6 -8.0-13.8 -7.1 -2  0.0                           
091925041816104066スズカクローカス　　　　　　　　　　  9.4  2.8  7.3 12.2  6.3 11 11.0                           
091925050116105687レディマドンナ　　　　　　　　　　　  4.6  1.8 16.2  9.1  8.7 29 10.8  5                        
091925050216104952シェパードボーイ　　　　　　　　　　  4.5  1.8  5.8 20.1  8.2 28 18.0                           
091925050316109096フクノワイルド　　　　　　　　　　　 37.1  8.5-11.4-10.2 -7.2 13  0.0                           
091925050416104431スズカカナロア　　　　　　　　　　　 14.9  3.9  1.1 20.5  6.6 27  0.0                           
091925050516102334コンカラー　　　　　　　　　　　　　  8.8  2.8  1.2  0.6  0.6 21  0.0                           
091925050616100589セロシア　　　　　　　　　　　　　　 11.4  3.1 14.2 11.8  8.7 29 10.7                           
091925050716104042レオンコロナ　　　　　　　　　　　　 24.4  5.8-10.9 -0.8 -4.2 16  0.0                           
091925050816105069スペースクラフト　　　　　　　　　　  6.8  2.3 -2.0  7.5  1.5 22  7.7                           
091925050916103755オーパスメーカー　　　　　　　　　　 17.1  4.4  1.8 -6.9 -1.4 19  0.0                           
091925051016106253レクスミノル　　　　　　　　　　　　 36.4  8.4-11.4-10.9 -7.4 13  0.0                           
091925051116101147ロードリバーサル　　　　　　　　　　 40.0  9.2-11.4 -8.7 -6.8 13  0.0                           
091925051216106457ジューンステータス　　　　　　　　　  5.9  2.1 13.0 11.8  8.3 28 21.3                           
091925051316102035メイショウテンダン　　　　　　　　　  6.2  2.2 14.4 22.9 12.1 32 10.3                           
091925060116104345ベルヴォワ　　　　　　　　　　　　　 15.4  3.7 -5.6 -0.8 -2.3 18  0.0                           
091925060216105085クオンタムシフト　　　　　　　　　　 24.4  5.4-10.9-15.1 -8.5 11  0.0  0                        
091925060316102768セントセシリア　　　　　　　　　　　 34.8  7.5-10.9-11.9 -7.6 12  0.0                           
091925060416104298トロイメント　　　　　　　　　　　　  8.5  2.5 14.5-10.3  2.2 22 21.2                           
091925060516104668カリボール　　　　　　　　　　　　　  3.9  1.6 14.2 16.7 10.2 30  8.8 1                         
091925060616100158ダイシンクローバー　　　　　　　　　 18.4  4.3  5.0 -2.6  1.1 21 16.2                           
091925060716105211オースミカテドラル　　　　　　　　　  4.9  1.8 11.6 12.9  8.1 28  8.2                           
091925060816103578スターオブジーン　　　　　　　　　　 28.4  6.2-15.0-10.5 -8.6 11  0.0                           
091925060916104376キングオブコージ　　　　　　　　　　  3.8  1.6  7.4 12.9  6.6 27  8.1                           
091925061016100970アーデントリー　　　　　　　　　　　 20.5  4.7  1.2 -7.0 -1.7 18  0.0                           
091925061116100423メリーメーキング　　　　　　　　　　 11.3  2.9  4.5 -2.8  0.8 21  0.0                           
091925061216105026ゴータイミング　　　　　　　　　　　  6.2  2.0 12.1  7.5  6.7 27 22.9                           
091925070115102647シンコーメグチャン　　　　　　　　　  1.8  1.2 21.8 17.2 13.2 33 18.0                           
091925070215100311グランデミノル　　　　　　　　　　　  7.9  1.9 10.3  6.5  5.7 26 13.5                           
091925070315102358イチザティアラ　　　　　　　　　　　 18.2  3.3-10.9-20.0-10.0 10  0.0                           
091925070413104252ニホンピロプレー　　　　　　　　　　 19.8  3.5-11.4-20.0-10.2 10  0.0                           
091925070515101936クリノアスコット　　　　　　　　　　  7.3  1.8 11.7 10.5  7.4 27 14.9                           
091925070613104017マーブルフレンテ　　　　　　　　　　 18.2  3.3 -0.2  4.8  1.4 21  0.0                           
091925070715106190カリブメーカー　　　　　　　　　　　  7.8  1.9  2.8  8.0  3.4 23 22.9                           
091925070814101342チェリーボンボン　　　　　　　　　　 18.1  3.2  2.9-12.4 -2.7 17  0.0                           
091925070914106110コロナシオン　　　　　　　　　　　　  4.7  1.5 13.1  7.6  7.1 27  8.8                           
091925080113100975クリノサンレオ　　　　　　　　　　　  2.8  1.4 18.7  6.4  8.8 29 18.0                           
091925080215103375メイショウキタグニ　　　　　　　　　 18.3  4.0  1.8-10.3 -2.4 18  0.0                           
091925080313103425メイショウバンダイ　　　　　　　　　 46.2  8.9-10.9-10.2 -7.1 13 20.7                           
091925080412102456リッカクロフネ　　　　　　　　　　　 82.1 14.9-11.0-13.0 -7.9 12  0.0                           
091925080514103603サンライズカラマ　　　　　　　　　　 15.9  3.6  0.1 -0.6 -0.1 20 10.1                           
091925080615102038スピリットワンベル　　　　　　　　　  5.3  1.7 11.0 24.7 11.4 31  9.6  1  231   44              
091925080715105736アウトバーン　　　　　　　　　　　　 31.3  6.2-10.9-20.0-10.0 10  0.0                           
091925080814100659ラブリースパイス　　　　　　　　　　  9.4  2.6  2.5  0.6  1.1 21 11.0                           
091925080914104110マッセル　　　　　　　　　　　　　　  7.1  2.1 -5.6  9.1  0.7 21  0.0                           
091925081013100315ライディングハイ　　　　　　　　　　 30.9  6.2  1.2 -3.5 -0.6 19  0.0                           
091925081114103182アタミ　　　　　　　　　　　　　　　  4.3  1.6 14.1 15.7  9.9 30 17.0                           
091925081214101929ワンパーパス　　　　　　　　　　　　101.7 18.3-11.4-15.5 -8.8 11  0.0  0                        
091925081315103049メイショウダブル　　　　　　　　　　 34.6  6.8-11.4  6.5 -2.2 18  0.0                           
091925081415103193ペガッソ　　　　　　　　　　　　　　 61.1 11.3-10.9-15.5 -8.6 11  0.0  0                        
091925081515104756リンガラポップス　　　　　　　　　　 25.4  5.2 -5.6 -9.5 -4.9 15  0.0                           
091925081615102454パープルヒストリー　　　　　　　　　 45.2  8.7-10.9 -0.4 -4.1 16  0.0                           
091925090115110016モズダディー　　　　　　　　　　　　  3.6  1.4 15.1 13.1  9.5 39  8.8                           
091925090214100786ドウディ　　　　　　　　　　　　　　 33.2  6.1 -9.7-10.5 -6.7 23  0.0                           
091925090314106120エクレアスパークル　　　　　　　　　  2.7  1.3 15.9 31.0 15.1 45 15.0  1  136   57              
091925090413101844ミトノグラス　　　　　　　　　　　　 44.8  8.0-10.9-10.2 -7.1 23  0.0                           
091925090513106025エルプシャフト　　　　　　　　　　　  6.8  1.9 11.7 12.0  7.9 38  0.0  5                        
091925090614103284エイシンスレイマン　　　　　　　　　  5.7  1.7 10.4 11.4  7.2 37  6.7                           
091925090712103981アクセラレート　　　　　　　　　　　 23.6  4.5-10.9 -8.1 -6.4 24 15.3                           
091925090814103189エメラルスター　　　　　　　　　　　 25.4  4.8  5.8 -2.0  1.5 32  0.0                           
091925090915105023ミカリーニョ　　　　　　　　　　　　  8.9  2.3  5.8  3.6  3.2 33 14.4                           
091925091014106117ステイオンザトップ　　　　　　　　　  6.4  1.9 10.5 11.8  7.4 37 22.9                           
091925100115101070プラチナアッシュ　　　　　　　　　　 14.6  2.8  1.5  4.9  2.0 32 11.8                           
091925100215103382ブラックジルベルト　　　　　　　　　 23.8  4.0  6.5 -6.9  0.3 30 16.2  0                        
091925100315106466サイモンサーマル　　　　　　　　　　 21.5  3.7-10.9-12.8 -7.8 22  0.0                           
091925100414103040エイシンクリック　　　　　　　　　　  8.0  1.9  8.2  7.7  5.3 35  0.0                           
091925100515104512スヴァルナ　　　　　　　　　　　　　  3.2  1.3 14.3 23.6 12.3 42 19.6  1  151   54              
091925100613100900ビービーブレスユー　　　　　　　　　 31.2  5.0-10.9-10.0 -7.0 23  0.0                           
091925100715100227イペルラーニオ　　　　　　　　　　　 12.2  2.4 -5.6 15.7  2.7 33  0.0                           
091925100815104724スーパーフェザー　　　　　　　　　　  2.3  1.2 18.4 28.4 15.3 45 15.0                           
091925100914104329メイショウカミシマ　　　　　　　　　  4.8  1.4 18.2 18.8 12.3 42 18.4                           
091925110115104793サラキア　　　　　　　　　　　　　　 12.0  2.6  7.9 -7.6  0.6 56  8.8                           
091925110213105748ワントゥワン　　　　　　　　　　　　 21.8  4.2 -6.9 10.4  0.6 56 32.7                           
091925110315101376サトノワルキューレ　　　　　　　　　 20.2  4.0 -2.2 -7.6 -3.1 52  0.0  0                        
091925110415105046ラッキーライラック　　　　　　　　　  2.3  1.3 21.8 24.9 15.5 70 18.0                           
091925110513102955クロコスミア　　　　　　　　　　　　 15.3  3.2  1.8 12.4  4.4 59  0.0                           
091925110615103350カンタービレ　　　　　　　　　　　　  4.6  1.6 13.0 12.5  8.5 64  8.8  5                        
091925110715104438リバティハイツ　　　　　　　　　　　 17.1  3.5-10.9-10.7 -7.2 48  0.0                           
091925110815103383ミッキーチャーム　　　　　　　　　　  8.6  2.3 13.0 26.0 12.6 68  0.0  1  136   57              
091925110914103580メイショウオワラ　　　　　　　　　　 34.6  6.3-10.9-10.9 -7.3 48  0.0                           
091925111014105849レッドオルガ　　　　　　　　　　　　 13.5  2.9 11.2 13.7  8.2 63 21.2                           
091925111113103292ダイアナヘイロー　　　　　　　　　　 18.1  3.7-10.9-11.6 -7.5 48  0.0                           
091925111213104496ミエノサクシード　　　　　　　　　　 21.9  4.2  2.4 -6.1 -0.9 54  0.0                           
091925111315104663ベルーガ　　　　　　　　　　　　　　 64.5 10.9-10.3-15.5 -8.4 47  0.0  0                        
091925111415104361アマルフィコースト　　　　　　　　　 28.0  5.2  1.2-15.1 -4.1 51  0.0  0                        
091925120114106104オクラホマ　　　　　　　　　　　　　 10.8  2.9  9.2 14.3  7.7 38 11.0                           
091925120214105275マンハッタンロック　　　　　　　　　 20.2  4.8 -5.6-10.9 -5.3 25 16.2                           
091925120315103646ハクサンペリー　　　　　　　　　　　 18.4  4.4 -4.2 -6.7 -3.5 26  0.0                           
091925120413105629スーパーライナー　　　　　　　　　　  4.7  1.7 14.7 18.1 10.8 41 11.7                           
091925120512101483イェドプリオル　　　　　　　　　　　 84.2 17.2-10.9 -6.6 -6.0 24  0.0                           
091925120614104612ワタシノロザリオ　　　　　　　　　　 29.7  6.7 -4.1-11.5 -5.0 25  0.0                           
091925120715100659キーフラッシュ　　　　　　　　　　　 38.4  8.4 -5.6  0.0 -2.1 28  0.0                           
091925120814105833クルークハイト　　　　　　　　　　　 37.9  8.3-11.4 -8.7 -6.8 23  0.0                           
091925120913101398カタヨクノテンシ　　　　　　　　　　 56.9 11.8-10.9-18.1 -9.4 21  0.0                           
091925121015105941サトノグリッター　　　　　　　　　　  4.2  1.6 19.2 21.1 13.4 43  6.2                           
091925121115100299ワカミヤオウジ　　　　　　　　　　　 29.9  6.7 -5.6 -7.8 -4.4 26  0.0                           
091925121214105512タガノアンピール　　　　　　　　　　 17.7  4.3 16.4  3.5  7.1 37  0.0                           
091925121315105868サクラアリュール　　　　　　　　　　  4.0  1.6 13.2 30.3 13.9 44 15.0  1  175   42              
091925121414105073スペクター　　　　　　　　　　　　　  5.1  1.8  1.1 17.7  5.7 36 22.9                           
091925121513105937ダノンスパーク　　　　　　　　　　　 32.9  7.3 -1.6-10.5 -3.7 26  0.0                           
091925121614101666ナムラシンウチ　　　　　　　　　　　 51.6 11.1-10.9-10.2 -7.1 23  0.0                           
