0319150101낸2019041701110444133128145 33 23  3 47             
0319150102낸2019041700120914156139132 11  9 18 4123 4OP       
0319150103낸2019041711420916151136125 16 14 16 47             
0319150104낸2019041700130214156142130 11 11 20 46             
0319150105낸2019041700110414149128137 18 25 13 54             
0319150106낸2019041700130244143132137 23 20 11 50             
0319150107낸2019041711430244143132123 23 17 16 54             
0319150108낸2019041700110414156133147 11 15  3 26             
0319150109낸2019041701130244162148139  4  3  9 18             
0319150110낸2019041700130214146138138 21 15 12 45             
0319150111낸2019041701110414140134129 27 18 21 64             
0319150112낸2019041700130214139134126 28 19 24 70             
0319150113낸2019041700130214163152131  4  1 19 30             
0319150114낸2019041701120914151135126 16 12 24 5522 3         
0319150115낸2019041010230214149147133 17  8 19 3712 3A3       
0319150116낸2019041700121014144136128 23 17 22 62             
0319150201낸2019041701110414149138137 18 10 13 3931 505       
0319150202낸2019041700110414160140136  7  9 14 3331 3         
0319150203낸2019041700120914153130130 14 19 20 5621 3A3       
0319150204낸2019041700120914162143124  5  5 26 4511 3         
0319150205낸2019041711030245140133119 23 12 24 5823 3A3       
0319150206낸2019041701121014154141127 13 11 23 51             
0319150207낸2019041710710415138128130 27 23 19 6631 3A3       
0319150208낸2019041701130214149146140 18  6 10 31             
0319150209낸2019041710230215152138129 13 15 22 5123 3A3       
0319150210낸2019041710230214147126130 18 26 21 5923 3         
0319150211낸2019041700120914145129133 22 20 17 5733 3A3       
0319150212낸2019041710210414146131132 19 21 19 5223 3A3       
0319150213낸2019041700130234148136127 18 16 21 57             
0319150214낸2019041700110414159139131  8 10 19 42             
0319150215낸2019041710220915144134129 21 18 22 59             
0319150216낸2019041711710436143133120 19 13 18 49             
0319150301낸2019041711420916140136118 27 17 23 66             
0319150302낸2019041701130234150137126 16 14 22 54             
0319150303낸2019041701120914147132127 20 15 23 5913 416       
0319150304괉20190416011302 4159140125  8 12 25 51             
0319150305낸2019041710210414141136127 24 17 24 58             
0319150306낸2019041701110414154140138 13  7 12 3213 3         
0319150307낸2019041710220935142125128 22 24 21 6322 3A3       
0319150308낸2019041701130214153138130 14 14 20 50             
0319150309낸2019041711030215152130120 12 17 25 5733 3A3       
0319150310낸2019041700130214147135134 20 18 16 53             
0319150311낸2019041710210414140135135 25 18 16 48             
0319150312낸2019041700120914151132124 16 21 26 67             
0319150313낸2019041701110414152132125 15 20 25 64             
0319150314낸2019041710230235150136129 14 15 20 4923 3A3       
0319150315낸2019041710230244144138126 20 14 23 51             
0319150401낸2019041711230235142136124 22 12 18 45             
0319150402낸2019041711220936150128122 14 18 20 55             
0319150403낸2019041711210435148128129 16 22 13 44             
0319150404낸2019041711230234168132126  0 16 16 25             
0319150405낸2019041710220915141126128 24 23 23 6723 716       
0319150406낸2019041711230214151136125 14 12 19 35             
0319150407낸2019041710730234141130131 23 20 16 57             
0319150408낸2019041700130214149136128 18 13 22 5523 405       
0319150409낸2019041701120934149138131 17 13 17 47             
0319150410낸2019041710730235144133130 20 17 17 53             
0319150411낸2019041711430246139128123 27 20 16 60             
0319150412낸2019041710230235150140130 14 11 19 4323 610       
0319150413낸2019041701110434140132128 26 19 20 63             
0319150414낸2019041701110434152142133 14  9 15 38             
0319150501낸2019041710730235148134129 16 16 18 5121 410       
0319150502낸2019041711230235164134129  0 11 13 23             
0319150503낸2019041710730235150130128 14 20 19 55             
0319150504낸2019041700120914137130131 30 23 19 68             
0319150505낸2019041710230235146136129 18 16 20 52             
0319150506낸2019041710730235152144132 12  6 15 35             
0319150507낸2019041710220935144124137 20 26 12 51             
0319150508낸2019041711230235138132130 26 17 12 43             
0319150509낸2019041710730235150137136 14 13 11 37             
0319150510낸2019041710730235148143134 16  7 13 35             
0319150511낸2019041710730235148145142 16  4  5 21             
0319150601낸2019041710230214154125128 11 27 23 58             
0319150602낸2019041700130214149129125 18 24 25 70             
0319150603낸2019041700130214146138132 21 15 18 53             
0319150604낸2019041711210416148128125 17 21 19 59             
0319150605낸2019041711230216147130122 18 20 22 6313 416       
0319150606낸2019041700130214149132129 18 21 21 62             
0319150607낸2019041701110414151132127 16 20 23 62             
0319150608낸2019041700120914142124133 25 24 17 63             
0319150609낸2019041710720915144136135 21 15 14 48             
0319150610낸2019041711210436149128123 15 19 19 55             
0319150611낸2019041710230234155125128  9 26 21 54             
0319150612낸2019041710220915152125137 13 28 14 523  3A3       
0319150613낸2019041710230234141134123 23 17 26 60             
0319150701낸2019041710230234141135132 23 17 17 4813 3A3       
0319150702낸2019041711010415137124132 27 23 13 5531 3A3       
0319150703낸2019041711210414136130118 29 20 26 62             
0319150704낸2019041711230216146132126 19 18 18 5613 516       
0319150705낸2019041711710435146134114 16 13 24 5333 405       
0319150706뒞2019041811230211      120       23   23 505       
0319150707낸2019041710230245152136131 12 15 18 4423 3         
0319150708낸2019041701110414145132127 22 20 23 65             
0319150709낸2019041700130214146141134 21  7 16 4332 410       
0319150710佳01904190A1 16 0                                  
0319150711佳01904190A1 16 0                                  
0319150712낸2019041711711015146134112 17 13 28 59             
0319150801낸2019041710230215150132125 15 18 26 60             
0319150802佳01904190A1 16 0                                  
0319150803낸2019041701130234172146130  0  5 18 30             
0319150804낸2019041710710415142126132 23 24 17 62             
0319150805낸2019041700130214148136126 19 17 24 62             
0319150806낸2019041711730215146132114 17 15 26 5811 3A3       
0319150807낸2019041700130234140133128 26 19 20 63             
0319150808낸2019041710730215158136150  7 15  0 20             
0319150809낸2019041710720915144132132 21 19 17 56             
0319150810낸2019041710230214148133129 17 20 22 54             
0319150811낸2019041700120914128126138 39 27 12 68             
0319150812낸2019041710220915142131123 23 19 28 69             
0319150813낸2019041700130214151139136 16  9 14 3923 3A3       
0319150901낸2019041701130214146128134 21 24 16 59             
0319150902낸2019041711020914140138130 24  8 15 38             
0319150903낸2019041701110414143142121 24 10 29 65             
0319150904낸2019041700120934153129119 13 23 29 72             
0319150905낸2019041700110444143132127 23 17 21 60             
0319150906낸2019041710230214143142136 22 11 15 3823 3A3       
0319150907낸2019041711030235152134119 11 13 24 51             
0319150908낸2019041700130214147144134 20  9 16 44             
0319150909낸2019041701110414156130137 11 18 13 4311 3A3       
0319150910낸2019041700110414144136130 23 17 20 59             
0319150911낸2019041700120914146138124 21 15 26 64             
0319150912낸2019041710221013136136129 29 15 22 53             
0319150913낸2019041710230215146126127 19 27 24 69             
0319150914낸2019041701110414140134136 27 14 14 5031 505       
0319150915낸2019041701110434148141128 18 10 20 49             
0319150916낸2019041701120914155138123 12 14 27 59             
0319151001낸2019041701130214146134126 21 18 24 64             
0319151002낸2019041701110434148133124 18 18 24 62             
0319151003괉2019041611220946149134129 19 18 17 53             
0319151004낸2019041711430216147146117 20  6 24 52             
0319151005낸2019041701110414146135126 21 13 24 5922 3A3       
0319151006낸2019041710230214153128127 12 25 24 5923 3         
0319151007낸2019041710720915144125130 21 25 19 65             
0319151008낸2019041710220915144128128 21 24 23 6621 305       
0319151009낸2019041700130214148130136 19 23 14 54             
0319151010낸2019041711230235154139127 10 10 15 31             
0319151011낸2019041711030215150130119 14 19 26 612  3A3       
0319151101낸2019041701120934158138121  8 13 27 56             
0319151102낸2019041701120914153132125 14 20 25 63             
0319151103낸2019041701110414150128128 17 24 22 65             
0319151104낸2019041701130214157146128 10  6 22 43             
0319151105낸2019041711230216153132121 12 19 23 59             
0319151106낸2019041710220934145128129 19 21 20 53             
0319151107낸2019041710220935146129124 18 24 25 67             
0319151108낸2019041710230235144138138 20 15 11 39             
0319151109낸2019041710220916147128130 18 25 21 65             
0319151110낸2019041710230235150136128 14 17 21 52             
0319151201낸2019041711210416145128133 20 22 11 5031 6OP       
0319151202낸2019041701110434138128129 28 23 19 66             
0319151203낸2019041710730244141135134 23 15 13 47             
0319151204낸2019041710230214158125127  7 26 24 5623 3A3       
0319151205낸2019041701121014152135129 15 17 21 55             
0319151206佳01904190A1 16 0                                  
0319151207낸2019041701130214152137133 15 10 17 4311 610       
0319151208낸2019041701130214148132126 19 20 24 65             
0319151209낸2019041701110414141132134 26 15 16 5331 505       
0319151210낸2019041710221014145130129 20 21 22 56             
0319151211낸2019041701110414151134128 16 18 22 58             
0319151212낸2019041700110414128128133 39 25 17 73             
0319151213낸2019041701110414141128131 26 19 19 6111 505       
0319151214낸2019041711210444130126118 34 22 24 63             
0319151215낸2019041700120944136130127 30 22 21 70             
0519210101낸2019041710220915152124132 13 28 19 6021 3A3       
0519210102낸2019041700120914147130125 20 18 25 6623 3A3       
0519210103낸2019041711030215142134137 22 11  8 34             
0519210104낸2019041710710415140135128 25 16 21 6121 3A3       
0519210105낸2019041710210426147124133 18 27 18 6331 3A3       
0519210106낸2019041700130234148132131 18 16 17 5113 3A3       
0519210107낸2019041710230214145126127 20 23 24 62             
0519210108낸2019041710230235148130142 16 20  7 3623 3A3       
0519210109낸2019041700130244147132125 19 16 23 6022 3A3       
0519210110낸2019041700111014151136135 16 12 15 4311 3A3       
0519210111낸2019041710220914141130128 24 22 23 6222 305       
0519210112낸2019041711020945155134116  8 11 27 5222 3A3       
0519210113낸2019041710220914153133125 12 20 26 5723 505       
0519210114낸2019041710730215144130127 21 21 22 65             
0519210115낸2019041700130234147138126 19 10 22 53             
0519210116낸2019041710720915138129135 27 23 14 59             
0519210201낸2019041700130214150142137 17  7 13 36             
0519210202낸2019041700130234147129126 19 19 22 6223 3A3       
0519210203낸2019041710220914151140135 14 11 16 34             
0519210204낸2019041700110444154134130 12 13 18 4622 7OP       
0519210205낸2019041700110444146128127 20 20 21 6221 3         
0519210206낸2019041710230216148134133 17 19 18 5422 3A3       
0519210207낸2019041711220946155128130  9 21 12 44             
0519210208낸2019041710220915142127128 23 22 23 6522 3A3       
0519210209낸2019041700130234151136126 15 12 22 5223 3A3       
0519210210낸2019041710710415144130127 21 22 22 66             
0519210211낸2019041710220914144138132 21 16 19 48             
0519210212낸2019041701110414142136131 25 16 19 58             
0519210213뒞2019041810730215145132136 20 19 13 49             
0519210214낸2019041710230214140138133 25 12 18 45             
0519210301낸2019041700130214142137128 25 16 22 62             
0519210302낸2019041700130214149134128 18 19 22 61             
0519210303낸2019041710230214139134128 26 19 23 6022 610       
0519210304낸2019041710230214145132135 20 19 16 4623 3A3       
0519210305낸2019041710230215142126136 23 25 15 5632 3         
0519210306낸2019041700120914146141135 21  8 15 4223 505       
0519210307낸2019041700130244152134127 14 13 21 5123 3A3       
0519210308낸2019041711030215134122127 30 24 18 6521 3A3       
0519210309낸2019041700130214150133129 17 16 21 5623 3A3       
0519210310낸2019041700130214149128128 18 22 22 64             
0519210311낸2019041700120914141128140 26 25 10 55             
0519210312낸2019041710230214146128129 19 24 22 5932 305       
0519210313낸2019041710221014145139128 20 13 23 50             
0519210314낸2019041711030215150138128 14 10 17 40             
0519210315낸2019041711030245150139129 13  5 14 31             
0519210316낸2019041710221014145139130 20 13 21 48             
0519210401낸2019041700130214145130133 22 19 17 5623 405       
0519210402낸2019041710221014138134130 27 16 21 5423 3A3       
0519210403낸2019041710230244152142130 12  9 19 35             
0519210404낸2019041710230214160134132  5 18 19 4113 3A3       
0519210405낸2019041710230215152142131 13 11 20 442  3A3       
0519210406낸2019041710220915150126129 15 26 22 6322 3A3       
0519210407뒞2019041801110444134130125 31 15 22 6422 5OP       
0519210408佳01904190A1 16 0                                  
0519210409낸2019041700110414139130139 28 20 11 52             
0519210410낸2019041700110414145126129 22 23 21 6622 3A3       
0519210411낸2019041711210416144137127 21 12 17 50             
0519210412낸2019041710710445152136127 12 13 20 4923 716       
0519210413낸2019041710710414153122132 12 28 17 6021 3A3       
0519210414佳01904190A1 16 0                                  
0519210501낸2019041710230245146126127 18 24 22 62             
0519210502낸2019041700130214153138127 14 10 23 5123 3A3       
0519210503낸2019041700110414146126133 21 23 17 6031 3A3       
0519210504낸2019041700120934152132131 14 20 17 53             
0519210505낸2019041700120914152138127 15 12 23 53             
0519210506낸2019041710420915148126121 11 15 18 45             
0519210507뒞2019041800130244168147144  0  5  5 12             
0519210508낸2019041710230214144126126 21 25 25 65             
0519210509佳01904190B1 16 0                                  
0519210510낸2019041710230214150136128 15 14 23 48             
0519210511佳01904190A1 16 0                                  
0519210512낸2019041710230214156135136  9 13 15 32             
0519210513낸2019041711220946152136119 12 14 23 54             
0519210514낸2019041710230214144133136 21 17 15 43             
0519210601낸2019041711030235152136123 11 10 20 4323 605       
0519210602낸2019041700120914153133124 14 20 26 65             
0519210603낸2019041711030214155137125  9 10 20 3723 505       
0519210604낸2019041711030215144132130 20 14 15 45             
0519210605낸2019041711030245148135132 15 10 11 33             
0519210606낸2019041700121014147135128 20 14 22 5723 3A3       
0519210607낸2019041700120914151129127 16 24 23 66             
0519210608낸2019041710220945146124130 18 25 19 5933 3A3       
0519210609낸2019041710230234146132130 18 19 19 4923 3A3       
0519210610낸2019041710230244155130127  9 20 22 4933 3         
0519210611낸2019041710230214150136128 15 12 23 46             
0519210612佳01904190A1 16 0                                  
0519210613낸2019041710230215154141120 11  7 31 54             
0519210614낸2019041710210415144132141 21 20 10 4431 3A3       
0519210615뒞2019041800130214174144131  0  5 20 3323 405       
0519210616낸2019041710230245146138131 18 15 18 4823 305       
0519210617낸2019041710230215153140130 12 14 21 4711 3A3       
0519210701낸2019041710230216148132128 17 21 23 6312 3A3       
0519210702낸2019041700130234142128128 24 20 20 6311 410       
0519210703낸2019041710230214148127130 17 25 21 57             
0519210704낸2019041710220915144136134 21 18 17 5123 3OP       
0519210705낸2019041710230234133133133 31 18 16 51             
0519210706낸2019041710230245149133126 15 20 23 5812 5A3       
0519210707낸2019041710230214147134128 18 18 23 5323 305       
0519210708낸2019041710230215148130128 17 23 23 62             
0519210709낸2019041710230215150126128 15 26 23 6423 305       
0519210710낸2019041710230215152138141 13 16 10 35             
0519210711낸2019041710730215150134133 15 17 16 49             
0519210712낸2019041710730214137128127 28 23 22 7121 405       
0519210713낸2019041710730215154134128 11 17 21 53             
0519210714낸2019041700110444144130126 22 18 22 6223 3A3       
0519210715낸2019041700120914143137127 24 16 23 63             
0519210716낸2019041710230214150132135 15 18 16 42             
0519210801佳01904190A1 16 0                                  
0519210802낸2019041700120914132132134 35 21 16 65             
0519210803낸2019041710230245147130130 17 21 19 55             
0519210804낸2019041710220915148124127 17 27 24 6711 305       
0519210805낸2019041710220915142134128 23 15 23 58             
0519210806낸2019041710730214141138132 24 13 17 52             
0519210807낸2019041710230235144131127 20 20 22 59             
0519210808낸2019041710230245154140129 10 11 20 4223 4OP       
0519210809낸2019041711010415138128124 26 18 21 61             
0519210810낸2019041710730214152131135 13 19 14 4723 505       
0519210811낸2019041710210415150128124 15 24 27 68             
0519210812낸2019041701121014169138126  0 14 24 47             
0519210901낸2019041710210414146136127 19 14 24 52             
0519210902낸2019041710230245150141131 14 11 18 4223 3         
0519210903낸2019041710230215150126121 15 23 30 7122 710       
0519210904낸2019041711030235150139118 13  8 25 4923 616       
0519210905낸2019041700120914146134129 21 19 21 61             
0519210906낸2019041710220914150138123 15 15 28 5611 3A3       
0519210907낸2019041711230216142132122 23 18 22 6411 505       
0519210908낸2019041710220915142127127 23 25 24 7022 3A3       
0519211001낸2019041710230214147132130 18 20 21 53             
0519211002낸2019041711210415146136133 19 13 11 33             
0519211003낸2019041711210416144130121 21 19 23 65             
0519211004낸2019041711210416137130123 28 19 21 6621 4A3       
0519211005낸2019041700110444145125125 21 24 23 69             
0519211006낸2019041710230215150128129 15 21 22 58             
0519211007낸2019041701110414141130129 26 22 21 67             
0519211008낸2019041701130214151138125 16 14 25 59             
0519211009낸2019041700130214151131125 16 17 25 6223 3A3       
0519211010낸2019041711030215147148127 17  0 18 3323 510       
0519211011낸2019041711210416145130120 20 21 24 6711 516       
0519211101낸2019041701130214143130128 24 22 22 67             
0519211102낸2019041711210436152136119 12 13 23 53             
0519211103낸2019041711210415144124121 21 25 23 63             
0519211104낸2019041710230245150137129 14 15 20 4823 405       
0519211105낸2019041701121014146129124 21 23 26 72             
0519211106낸2019041701110414154129130 13 23 20 59             
0519211107낸2019041710230215144136130 21 16 21 54             
0519211108낸2019041701130214144128129 23 24 21 67             
0519211109낸2019041700110414135129131 32 19 19 6513 516       
0519211110낸2019041701120914125122125 42 30 25 90             
0519211111낸2019041710230215142132127 23 22 24 66             
0519211112佳01904190A1 16 0                                  
0519211113낸2019041711030215140126120 24 21 25 6823 510       
0519211114낸2019041701120914151132125 16 20 25 65             
0519211115낸2019041701130234152137127 14  9 21 4713 605       
0519211116낸2019041701110434144126123 22 25 25 73             
0519211201낸2019041710730215144130127 21 20 22 64             
0519211202낸2019041701130214150128122 17 24 28 73             
0519211203낸2019041701130244162140131  4 11 17 37             
0519211204낸2019041701130214151133126 16 19 24 62             
0519211205낸2019041710230214161128135  4 26 16 44             
0519211206낸2019041711230214154118120 11 30 24 58             
0519211207낸2019041710221025150138130 15 15 21 50             
0519211208낸2019041700130214149133135 18 20 15 52             
0519211209낸2019041710720916150134128 15 17 21 56             
0519211210낸2019041701130214141133128 26 19 22 65             
0519211211낸2019041711230245137124124 27 24 18 59             
0519211212낸2019041700130214145140120 22 13 30 69             
0819310101낸2019041701130214140131134 27 16 16 551  3A3       
0819310102낸2019041701110414147128133 20 19 17 5521 3A3       
0819310103낸2019041701130214144124127 23 28 23 74             
0819310104낸2019041701121014152132134 15 20 16 51             
0819310105낸2019041701110414148133126 19 19 24 64             
0819310106낸2019041711210415144136135 21 13  9 3231 3         
0819310107낸2019041701130214146130135 21 17 15 5121 3         
0819310108낸2019041711710436143133123 19 14 15 46             
0819310109낸2019041711210446154140118 10  8 24 4923 305       
0819310110낸2019041701120944146134126 20 13 22 5622 3A3       
0819310111낸2019041701110414149133126 18 19 24 63             
0819310112낸2019041701121034159126125  7 20 23 5712 3A3       
0819310113낸2019041701110414140128125 27 19 25 7011 3A3       
0819310114낸2019041711220916145138129 20 12 15 4623 605       
0819310115낸2019041701120914151134130 16 13 20 5113 3A3       
0819310116낸2019041711210416143126123 22 23 21 6611 3         
0819310201낸2019041701120934146134125 20 12 23 5611 505       
0819310202낸2019041701121034136133124 30 13 24 6511 410       
0819310203낸2019041701110414145130125 22 18 25 6611 3         
0819310204낸2019041701121014158141135  9 11 15 37             
0819310205낸2019041701110444154138125 12 13 23 52             
0819310206낸2019041701110414144134131 23 14 19 5411 3A3       
0819310207낸2019041711210416150131120 15 16 24 59             
0819310208괉20190416011302 4155139126 12 13 24 53             
0819310209낸2019041701110414156134130 11 18 20 53             
0819310210낸2019041701121014142132129 25 16 21 6011 3         
0819310211낸2019041711210436156130124  8 18 18 4933 4OP       
0819310212낸2019041711421016136129115 31 23 26 78             
0819310213낸2019041701110434151133127 15 18 21 56             
0819310214낸2019041711210445150140123 14  8 19 36             
0819310215낸2019041701110414143136133 24 11 17 4911 3         
0819310216낸2019041701130214148130128 19 22 22 64             
0819310301낸2019041701130214147140127 20 12 23 56             
0819310302낸2019041701130214151142135 16 10 15 41             
0819310303낸2019041701110414146129128 21 18 22 6211 3A3       
0819310304낸2019041701110414153142126 14 10 24 52             
0819310305낸2019041711230216146126130 19 23 14 5533 410       
0819310306낸2019041711421035151146117 15  6 22 4623 3A3       
0819310307낸2019041711210416150126126 15 23 18 58             
0819310308낸2019041711210416154128136 11 21  8 40             
0819310309낸2019041711430214148143124 19  8 17 44             
0819310310낸2019041701110414139134133 28 14 17 5532 3A3       
0819310311낸2019041711210416148134125 17 15 19 53             
0819310312낸2019041701110414154132132 13 20 18 53             
0819310313낸2019041711210416148128136 17 23  8 45             
0819310314낸2019041711210416148124130 17 24 14 5422 3A3       
0819310315낸2019041701120934145133133 21 14 15 4823 3A3       
0819310316낸2019041711230236150138126 14 10 16 42             
0819310401낸2019041711230235150132121 14 16 21 48             
0819310402낸2019041701110414144132143 23 16  7 4033 3A3       
0819310403낸2019041701130234144130127 22 16 21 5911 510       
0819310404낸2019041701121014163144124  4  8 26 47             
0819310405낸2019041701121014144130131 23 22 19 62             
0819310406낸2019041701110414148136134 19 11 16 4531 3A3       
0819310407낸2019041701130214141128130 26 24 20 68             
0819310408낸2019041701130244152134129 14 17 19 52             
0819310409낸2019041701121014146140131 21  8 19 4731 3         
0819310410낸2019041701110414151142135 16  5 15 3631 3A3       
0819310411낸2019041701120944156138130 10  9 18 4023 3         
0819310412낸2019041701110414142126127 25 26 23 73             
0819310413낸2019041701110444148134128 18 13 20 5221 305       
0819310414낸2019041711230245149132122 15 17 20 48             
0819310415낸2019041701110414151137134 16 11 16 4333 5OP       
0819310416낸2019041711230216152128123 13 21 21 5923 416       
0819310417낸2019041711720945155127126  7 19 12 3732 3         
0819310418낸2019041701110444141130127 25 17 21 6121 405       
0819310501낸2019041701110414140131127 27 17 23 6531 3A3       
0819310502낸2019041711530245154139127  6  7 17 3423 405       
0819310503佳01904190A1 16 0                                  
0819310504낸2019041711210434136130118 28 18 24 57             
0819310505낸2019041701130214150132134 17 15 16 4811 3         
0819310506낸2019041701110414144132126 23 15 24 6331 3A3       
0819310507낸2019041711710416142129121 21 17 19 56             
0819310508낸2019041701130214152144126 15  8 24 51             
0819310509낸2019041701130214153134132 14 18 18 52             
0819310510佳01904190A1 16 0                                  
0819310511낸2019041701110414148130133 19 18 17 5321 3A3       
0819310512낸2019041711210436142126121 22 22 21 6611 3A3       
0819310513낸2019041711720936149130116 13 15 22 5421 305       
0819310514낸2019041701110414148137134 19 15 16 49             
0819310515낸2019041701121044147136128 19 11 20 5023 3A3       
0819310516낸2019041711730245154138119  8  8 19 36             
0819310517낸2019041701130214154139135 13 13 15 42             
0819310518낸2019041701110414149132128 18 15 22 5733 3A3       
0819310601낸2019041701130234147133129 19 18 19 56             
0819310602낸2019041701120914148134127 19 18 23 62             
0819310603괉20190416011302 4154127128 13 25 22 63             
0819310604낸2019041711531435121116135 24 29  9 56             
0819310605낸2019041700130214136128133 31 20 17 63             
0819310606낸2019041701110414152136127 15 12 23 5313 3OP       
0819310607낸2019041711210416149129125 16 21 19 5831 3A3       
0819310608낸2019041711420936137132121 29 17 18 60             
0819310609낸2019041701110414155134127 12 18 23 57             
0819310610늧2019041301130214157149146 10  3  4 14             
0819310611낸2019041701110414154133126 13 15 24 5633 610       
0819310612낸2019041701121014147133126 20 19 24 65             
0819310613낸2019041701110414147132127 20 15 23 5933 3A3       
0819310614낸2019041701130214160147137  7  5 13 27             
0819310615낸2019041711210416150138119 15 13 25 5831 410       
0819310701낸2019041701110414158132125  9 20 25 60             
0819310702낸2019041711230234148128116 16 20 26 53             
0819310703낸2019041711210436140129124 24 19 18 6033 305       
0819310704佳01904190A1 16 0                                  
0819310705낸2019041701110414151136124 16 16 26 62             
0819310706낸2019041711210416141130127 24 20 17 5911 3A3       
0819310707낸2019041701130214131126136 36 26 14 67             
0819310708佳01904190B1 16 0                                  
0819310709낸2019041701120914143134128 24 18 22 63             
0819310710낸2019041701110414152129126 15 23 24 66             
0819310711낸2019041701130214140136139 27 11 11 4311 405       
0819310712낸2019041711230244138132126 26 18 16 44             
0819310801낸2019041711430216140136118 27 16 23 65             
0819310802낸2019041701110414157134127 10 18 23 56             
0819310803낸2019041711220916152132126 13 17 18 5011 3A3       
0819310804佳01904190A1 16 0                                  
0819310805낸2019041701130214157140137 10 12 13 36             
0819310806낸2019041701110414153132128 14 16 22 5511 710       
0819310807낸2019041711220936150138128 14 11 14 40             
0819310808낸2019041701110414141134132 26 14 18 5533 4OP       
0819310809낸2019041701130214149136134 18 16 16 49             
0819310810낸2019041711210416150130122 15 20 22 61             
0819310811낸2019041711230215150138132 15 13 12 33             
0819310812낸2019041711210416151130121 14 20 23 6231 305       
0819310813낸2019041701110414150134124 17 13 26 6011 305       
0819310814낸2019041711210416148136134 17 15 10 4031 505       
0819310901낸2019041711230236145136121 19 12 21 54             
0819310902낸2019041701121014156133124 11 19 26 62             
0819310903낸2019041701110414149133128 18 14 22 5621 3A3       
0819310904낸2019041711230215154138120 11 13 24 47             
0819310905낸2019041711220936144127118 20 21 24 6823 3A3       
0819310906낸2019041711710416149132116 14 15 24 5722 3A3       
0819310907낸2019041701130234148134126 18 17 22 59             
0819311001뒞2019041801120914144127129 22 19 20 6033 405       
0819311002낸2019041711220914144126120 21 23 24 572  405       
0819311003낸2019041701121034147137130 19 14 18 51             
0819311004낸2019041701121014149128125 18 24 25 70             
0819311005괉2019041601130214157130128 10 22 22 58             
0819311006낸2019041701130244134126129 32 25 19 71             
0819311007낸2019041701120914142126122 25 26 28 80             
0819311101낸2019041710230215151134130 14 18 21 52             
0819311102낸2019041711220916142132130 23 17 14 51             
0819311103낸2019041701130214145139125 22 13 25 61             
0819311104낸2019041701130214142128125 25 24 25 74             
0819311105낸2019041711220914140126120 25 25 24 61             
0819311106낸2019041701110414149128128 18 24 22 66             
0819311107낸2019041701110414147126122 20 26 28 77             
0819311108낸2019041701130214149132131 18 20 19 57             
0819311109낸2019041711210415138122127 27 27 17 60             
0819311110낸2019041711420916140130119 27 20 22 68             
0819311111낸2019041010230214160136128  6 19 24 49             
0819311112낸2019041701120914158133128  9 19 22 55             
0819311113낸2019041701110434149133121 17 18 27 66             
0819311114낸2019041711210415143124116 22 25 28 72             
0819311201낸2019041711220934138134120 26 16 22 502  5OP       
0819311202낸2019041701130214155130130 12 22 20 57             
0819311203낸2019041711211015144135116 21 16 28 62             
0819311204낸2019041711210436147126133 17 23  9 47             
0819311205낸2019041711230216144128122 21 22 22 6623 7OP       
0819311206낸2019041701130244154135127 12 11 21 4833 510       
0819311207낸2019041701110414146127126 21 25 24 71             
0819311208낸2019041701110414150136134 17 12 16 4533 610       
0819311209낸2019041711220916154135122 11 15 22 53             
0819311210낸2019041701110434152132128 14 15 20 5133 3A3       
0819311211낸2019041701110414149134124 18 18 26 65             
0819311212낸2019041711210416143137120 22 14 24 62             
0819311213낸2019041711210446148134117 16 15 25 6111 305       
0819311214낸2019041711230246149126127 15 23 15 5413 3A3       
0819311215낸2019041701110414143138127 24 14 23 61             
0819311216낸2019041711230214156128131  9 19 13 30             
