031915010116103154スズカデュー　　　　　　　　　　　　 55.3  9.4-10.8-13.8 -8.3 -3  0.0  0                        
031915010216105180デルマノートルダム　　　　　　　　　 93.3 15.4-10.0-18.2 -9.7 -5  0.0                           
031915010316103702クリノワンダフル　　　　　　　　　　 53.5  9.3-10.8 -4.7 -5.0  0  0.0                           
031915010416100361ローブドール　　　　　　　　　　　　  8.0  2.1  6.0 10.5  5.7 11  0.0                           
031915010516106068ユラニュス　　　　　　　　　　　　　 48.1  8.5-10.0-15.1 -8.5 -4  0.0                           
031915010616101501アマゾニカ　　　　　　　　　　　　　  3.9  1.4 15.0  8.3  7.5 13 14.2                           
031915010716101610メイショウドウダン　　　　　　　　　 27.9  5.2  0.6  0.6  0.4  5  0.0                           
031915010816106612シリアルナンバー　　　　　　　　　　134.8 21.9-10.0-10.1 -6.7 -2  0.0                           
031915010916104307グランドバレエ　　　　　　　　　　　 36.1  6.5-10.8-13.8 -8.3 -3  0.0  0                        
031915011016100127ボルンタード　　　　　　　　　　　　 35.2  6.4-10.0  6.0 -0.8  4  0.0                           
031915011116109020グローバルステップ　　　　　　　　　 12.8  2.8  4.2  4.5  2.9  8  8.6                           
031915011216103101ジョイナイト　　　　　　　　　　　　  4.1  1.4 10.0 14.2  8.2 13  7.9                           
031915011316105215ベルポート　　　　　　　　　　　　　  2.5  1.2 12.0 24.0 12.4 17 13.0  2                        
031915011416106580テーオーパラダイス　　　　　　　　　 48.5  8.5 -7.0 -7.5 -4.8  0  0.0                           
031915011516104016セルリアンラピス　　　　　　　　　　 52.5  9.2-11.3-20.0-10.7 -6  0.0                           
031915011616105991サトノジョニー　　　　　　　　　　　 26.0  4.9  6.0  4.6  3.5  8  0.0                           
031915020116100048タイセイチーフ　　　　　　　　　　　 20.0  4.2 -4.7  6.5  1.0  6  0.0                           
031915020216100997バルディッシュ　　　　　　　　　　　123.3 21.8-10.0 -4.0 -4.5  1  0.0                           
031915020316103886マヤノトライオン　　　　　　　　　　 28.7  5.7-10.0 -4.6 -4.7  0  0.0                           
031915020416103375ライド　　　　　　　　　　　　　　　 66.6 12.1-10.0-20.0-10.3 -5  0.0                           
031915020516105248チヨビッグシー　　　　　　　　　　　 23.7  4.8  5.0 -1.8  0.8  6  0.0                           
031915020616110020チャリオット　　　　　　　　　　　　 12.5  2.9  0.4-10.8 -3.8  1  0.0                           
031915020716105377デアリングヴェスタ　　　　　　　　　 44.4  8.5-10.0-15.1 -8.5 -4  0.0                           
031915020816101373シシリエンヌ　　　　　　　　　　　　 16.1  3.5  2.2 14.3  5.9 11  0.0  2                        
031915020916100491フルクトゥス　　　　　　　　　　　　  3.4  1.4 15.0 20.1 11.9 17  7.3                           
031915021016100741バームブラック　　　　　　　　　　　 26.6  5.3-11.3-17.6 -9.8 -5 11.5                           
031915021116100916キタサンテンビー　　　　　　　　　　 15.8  3.5  6.0  1.0  2.2  7  9.2                           
031915021216100073コトブキジェダイト　　　　　　　　　114.5 20.2-11.3 -8.2 -6.4 -1  0.0                           
031915021316105353マジックハンター　　　　　　　　　　  3.2  1.4 20.0 11.2 10.1 15 13.0                           
031915021416100210ソラタカク　　　　　　　　　　　　　 71.4 12.9-10.0  7.3 -0.3  5  0.0                           
031915021516101098リュウグウヒメ　　　　　　　　　　　  4.7  1.6 15.5 10.5  8.5 13  7.9                           
031915021616104902トモノヘイヘイ　　　　　　　　　　　 11.9  2.8  1.1 30.0 11.3 16  0.0                           
031915030116101819ナガラスワロー　　　　　　　　　　　 23.3  4.5-10.8 -4.7 -5.0  0  0.0                           
031915030216102524スマートフルーレ　　　　　　　　　　  2.2  1.2 21.7 27.4 16.6 22 13.0  1  180   54              
031915030316105212ビュブリス　　　　　　　　　　　　　  5.3  1.7  9.9  5.2  4.9 10  7.3                           
031915030416100447サウンドウイング　　　　　　　　　　 27.1  5.1 -4.7 -5.5 -3.4  2  0.0                           
031915030516102875ニシノライリー　　　　　　　　　　　 37.3  6.8 -1.3-14.1 -5.6 -1  0.0  0                        
031915030616102552クドシュ　　　　　　　　　　　　　　 70.7 12.0-10.8-10.8 -7.2 -2  0.0                           
031915030716101599ペイシャニンフ　　　　　　　　　　　 26.6  5.1 -0.3-13.2 -4.9  0  0.0                           
031915030816101831メイショウペルム　　　　　　　　　　 45.3  8.2-10.8-10.8 -7.2 -2  0.0                           
031915030916104459クリムゾンスター　　　　　　　　　　 16.9  3.5 -2.0  3.0  0.5  5  9.2                           
031915031016103359クィーンズウェイ　　　　　　　　　　 38.6  7.1-10.0 -9.5 -6.5 -1 12.6                           
031915031116101383タイセイブランシュ　　　　　　　　　 23.9  4.6 -3.3  2.0 -0.3  5  0.0                           
031915031216105675モーンストルム　　　　　　　　　　　  5.7  1.7 12.0 16.2  9.5 15  0.0                           
031915031316101169ベイコート　　　　　　　　　　　　　 15.6  3.3  1.2-11.9 -4.0  1  0.0                           
031915031416103626ライフアンドソウル　　　　　　　　　 61.0 10.5-11.3-13.4 -8.3 -3  0.0                           
031915031516106009ボニーソックス　　　　　　　　　　　  7.2  2.0  9.3 12.5  7.4 12  8.5                           
031915040114102845メイショウゴウキ　　　　　　　　　　 36.4  6.4 -4.7 -5.5 -3.4 17  0.0                           
031915040213104030ホシルミエール　　　　　　　　　　　 22.0  4.1 -1.7 -1.4 -1.0 19  0.0                           
031915040315103807ハルキストン　　　　　　　　　　　　  2.6  1.3 19.8 18.5 12.7 33  6.7  1  138   50              
031915040413101974シゲルスズキ　　　　　　　　　　　　 48.0  8.2-10.8-10.8 -7.2 13  0.0                           
031915040511101476ウインインスパイア　　　　　　　　　 22.4  4.2  7.5-13.5 -2.7 17 10.9                           
031915040613105989アドマイヤフォルム　　　　　　　　　 11.3  2.5  2.7  7.8  3.7 24  0.0                           
031915040714104771トーヨーピース　　　　　　　　　　　 19.9  3.9  6.0-15.1 -3.7 16  0.0                           
031915040812106003シゲルヒノクニ　　　　　　　　　　　 31.8  5.7-10.0 -4.1 -4.5 15  0.0  5                        
031915040913100361アズマタックン　　　　　　　　　　　  3.3  1.4 15.3 14.2  9.8 30 14.2                           
031915041013100461シンボリダルク　　　　　　　　　　　 57.4  9.5-10.0-12.1 -7.4 13  0.0                           
031915041115101505シゲルサツマイモ　　　　　　　　　　  5.4  1.6 14.4  6.7  6.8 27  7.9                           
031915041213104007ミュートエアー　　　　　　　　　　　 13.8  2.9  6.8 12.4  6.6 27  8.6  5                        
031915041313104743シゲルクロカジキ　　　　　　　　　　 17.5  3.5-10.8 -3.2 -4.4 16  0.0                           
031915041413104738ニホンピロボーラー　　　　　　　　　 56.1  9.3-10.8-10.8 -7.2 13  0.0                           
031915050115105829ノーブルカリス　　　　　　　　　　　 27.6  4.4 -2.0-13.0 -5.4 -5  0.0                           
031915050215101212ヒロシゲセブン　　　　　　　　　　　  1.9  1.2 21.7 22.7 14.8 15 13.0  1  115   80              
031915050314103950インフルエンサー　　　　　　　　　　  6.4  1.7 12.0  6.0  5.8  6  0.0                           
031915050415103900ソウラセブン　　　　　　　　　　　　 59.8  8.6-10.0-10.0 -6.7 -7  0.0                           
031915050515103925ロジャージーニアス　　　　　　　　　  4.0  1.4 11.3 15.0  8.9  9 14.2                           
031915050615105417ホウオウカーニバル　　　　　　　　　  8.4  2.0 10.0  9.0  6.3  6 16.5                           
031915050711105236マイネルアウラート　　　　　　　　　 12.3  2.4  9.3  0.3  2.9  3  0.0                           
031915050815101851クリノペーテルス　　　　　　　　　　 23.9  3.9-10.8 -4.7 -5.0 -5  0.0                           
031915050915101288ホクセンジョウオー　　　　　　　　　 16.2  2.9 -2.0  1.3 -0.1  0  0.0                           
031915051015103018クスリバコ　　　　　　　　　　　　　 39.2  6.0 -2.0 -8.7 -3.8 -4  0.0                           
031915051113100999エイム　　　　　　　　　　　　　　　 24.0  3.9-10.0 11.2  1.1  1  0.0                           
031915060114105246サーベラージュ　　　　　　　　　　　 19.5  4.0  6.8 19.5  9.2 29  0.0                           
031915060215102564エリープラネット　　　　　　　　　　 48.3  8.7-10.0-20.0-10.3 10  0.0                           
031915060315100763ゴールドパッション　　　　　　　　　  5.1  1.6 20.0 15.0 11.5 32  0.0                           
031915060415102764ヴィーヴァバッカス　　　　　　　　　  5.1  1.6 12.8 13.3  8.7 29  7.9                           
031915060515100891ヒルノアルゲーロ　　　　　　　　　　 28.8  5.4 -5.0-10.8 -5.5 15 10.9                           
031915060614103486タイキダイヤモンド　　　　　　　　　  2.2  1.2 15.0 14.9 10.0 30 13.0                           
031915060715102246サンライズナイト　　　　　　　　　　  9.1  2.4  6.5  6.5  4.3 24  8.6                           
031915060814103928チェリートリトン　　　　　　　　　　  6.9  2.0 12.0 21.9 11.6 32  8.5                           
031915060915103277トップギア　　　　　　　　　　　　　 75.8 12.9-10.0 -2.5 -3.9 16  0.0                           
031915061014100838ショウナンサニー　　　　　　　　　　 34.8  6.4-10.8-10.8 -7.2 13  0.0                           
031915061115101381タイセイカレッジ　　　　　　　　　　 23.3  4.5-11.3-10.0 -7.1 13  0.0                           
031915061214103702ブルーオラーリオ　　　　　　　　　　 34.5  6.4-11.3-10.0 -7.1 13  0.0                           
031915061315103867ウメタロウ　　　　　　　　　　　　　 22.3  4.4  7.5 -5.2  0.3 20  0.0  0                        
031915070116105496レイヴンキング　　　　　　　　　　　  5.6  1.5  6.8  5.9  4.2  9  7.9                           
031915070216100652ヨコスカダンディー　　　　　　　　　 55.1  8.0-10.0-17.6 -9.5 -4  0.0                           
031915070316110026スティーン　　　　　　　　　　　　　  2.6  1.2 17.9 28.2 15.7 21 13.0                           
031915070416105157レッドムルガン　　　　　　　　　　　 11.3  2.2 10.8  9.4  6.7 12  8.1                           
031915070516103088アッフェルマーレ　　　　　　　　　　 18.8  3.3  1.2  0.6  0.6  6  0.0                           
031915070616102241ケンブリッジウルス　　　　　　　　　 40.9  6.2-10.8-10.8 -7.2 -2  0.0                           
031915070716100255ウインリベルタ　　　　　　　　　　　 23.5  3.9  7.5  3.0  3.3  8  0.0                           
031915070816100616コンバージェンス　　　　　　　　　　 17.8  3.1  6.5  0.6  2.2  7  0.0                           
031915070916104631アルタマレーア　　　　　　　　　　　 17.9  3.1  6.0 -3.8  0.4  5  0.0                           
031915071016100404オンマイオウン　　　　　　　　　　　 38.3  5.9     -13.4 -4.9  0  0.0                           
031915071116103842トーセンオリンピア　　　　　　　　　  2.6  1.2      15.0  5.5 11 14.2                           
031915071216104304リリーエンデヴァー　　　　　　　　　 36.6  5.6-10.8-10.8 -7.2 -2  0.0                           
031915080115104524グットクルサマー　　　　　　　　　　  6.7  2.2 12.4-18.7 -3.1 17  7.9                           
031915080215101340コンセッションズ　　　　　　　　　　 12.1  3.2      -6.2 -2.3 18 10.4  0                        
031915080315102657リュニヴェール　　　　　　　　　　　  3.6  1.6 16.3 18.9 11.8 32 13.0  3                        
031915080414102154シゲルタイガー　　　　　　　　　　　  7.2  2.4  0.0 -1.4 -0.5 19  0.0  0                        
031915080512102059スズカブレーン　　　　　　　　　　　 28.1  6.5-10.0-10.0 -6.7 13  0.0                           
031915080615101367プリヴェット　　　　　　　　　　　　  8.3  2.6 11.2  6.5  5.7 26  0.0                           
031915080715104843ミッキーパパイア　　　　　　　　　　  7.3  2.4  6.0  2.6  2.8 23  0.0                           
031915080815100670ドリームジャンボ　　　　　　　　　　 11.2  3.0  6.0  9.4  5.2 25 10.3                           
031915080915105318ヒロノオウカン　　　　　　　　　　　 52.1 11.5-10.0-10.0 -6.7 13  0.0                           
031915081015105200ニシノコデマリ　　　　　　　　　　　 28.5  6.6-11.3 -2.2 -4.2 16  0.0                           
031915081115106085ダウンタウンキラリ　　　　　　　　　 12.8  3.4 20.0  6.0  8.2 28  0.0                           
031915081215105041ハウナニ　　　　　　　　　　　　　　  5.6  2.0 11.3  9.9  7.0 27  6.9                           
031915081315106227ボナデア　　　　　　　　　　　　　　 58.5 12.6-10.0-10.0 -6.7 13  0.0                           
031915090115102989ノボリレーヴ　　　　　　　　　　　　  7.5  2.5  7.7  6.8  4.8 25 17.7                           
031915090215106510ゴールデンビコー　　　　　　　　　　 44.0 10.0-10.0-18.6 -9.8 10  0.0                           
031915090315104021ストリ　　　　　　　　　　　　　　　  8.5  2.7  9.3 -0.2  2.7 23  9.2                           
031915090414101023エターナルフレイム　　　　　　　　　  5.5  2.0 15.0 13.2  9.3 29  0.0                           
031915090514104195フォーティプリンス　　　　　　　　　  4.5  1.8 10.0  9.8  6.6 27  6.7  5                        
031915090615103859ヴィクトアリー　　　　　　　　　　　 56.8 12.4-11.3 -3.8 -4.8 15  0.0                           
031915090715104004アシャカデッシュ　　　　　　　　　　  6.1  2.1 11.0 14.2  8.5 29  8.1                           
031915090814102814アースヴィグラス　　　　　　　　　　 11.3  3.1  6.0 28.0 12.1 32  0.0  3                        
031915090915103678ナリタブルー　　　　　　　　　　　　 46.5 10.6 -4.7 -5.5 -3.4 17  0.0                           
031915091014103459スリーミネルバ　　　　　　　　　　　 85.3 18.3-10.0-10.0 -6.7 13  0.0                           
031915091115102297サイドストリート　　　　　　　　　　  4.6  1.8  6.0 21.3  9.6 30  7.3  3                        
031915091214104846ガーシュウィン　　　　　　　　　　　 21.6  5.3 15.5  6.0  6.8 27  0.0                           
031915091315100869ライゴッド　　　　　　　　　　　　　 21.1  5.2-11.3 -3.3 -4.6 15  0.0                           
031915091415101687モアイ　　　　　　　　　　　　　　　 94.1 20.1-10.8-10.8 -7.2 13  0.0                           
031915091515103228スリーヘリオス　　　　　　　　　　　 25.6  6.1-10.8-10.8 -7.2 13  0.0                           
031915091615100441ビーユアヒーロー　　　　　　　　　　 43.8 10.0-10.8-10.8 -7.2 13  0.0                           
031915100113110135ボスキャットグレイ　　　　　　　　　  3.6  1.6 21.7 19.8 13.8 34 13.0                           
031915100215110061ラルムドランジュ　　　　　　　　　　  4.7  1.8  8.7 16.9  8.8 29  0.0                           
031915100314101965パッポーネ　　　　　　　　　　　　　 22.1  5.1-10.8-10.8 -7.2 13  0.0                           
031915100413100007ブレイズガール　　　　　　　　　　　  9.5  2.8 11.4  9.5  6.9 27  9.2                           
031915100515103339カスタネアエメ　　　　　　　　　　　 23.5  5.4 -5.5-10.8 -5.6 14  0.0                           
031915100614110118フローラデマリポサ　　　　　　　　　 10.9  2.9 18.5 23.4 14.1 34  9.8                           
031915100713103576スノーマン　　　　　　　　　　　　　 32.8  7.3-10.0-12.6 -7.6 12  0.0  0                        
031915100813101901マイネルパッセ　　　　　　　　　　　  5.1  1.8 16.3  4.9  6.7 27  8.5                           
031915100914105282ハイヤーアプシス　　　　　　　　　　  4.7  1.7 15.0  4.1  6.0 26  7.9                           
031915101013102959ジェスロ　　　　　　　　　　　　　　 23.0  5.3 -1.1 -1.4 -0.8 19  0.0                           
031915101114105813コンピレーション　　　　　　　　　　  8.5  2.6  6.0  3.0  2.9 23  0.0                           
031915110112103663ビスカリア　　　　　　　　　　　　　 26.2  5.6-10.8-16.4 -9.3 41  0.0  0                        
031915110215104988カレンシリエージョ　　　　　　　　　 15.3  3.6-10.8 -5.0 -5.1 45  0.0                           
031915110315110077ランドネ　　　　　　　　　　　　　　  4.3  1.6  7.8 10.3  6.1 56 14.2                           
031915110414101058カワキタエンカ　　　　　　　　　　　  7.7  2.3 10.2  0.0  3.1 53  8.6                           
031915110513106329デンコウアンジュ　　　　　　　　　　  4.7  1.7 12.3 16.1  9.6 60  0.0                           
031915110614106151フローレスマジック　　　　　　　　　  4.4  1.6 13.8 22.0 12.2 62  7.9  1  147   62              
031915110713101932ペルソナリテ　　　　　　　　　　　　 23.9  5.1  7.5 23.6 10.9 61  0.0                           
031915110813101453ウインファビラス　　　　　　　　　　 16.2  3.7 -3.3 10.2  2.8 53  0.0                           
031915110914101627ミッシングリンク　　　　　　　　　　 27.1  5.7 -3.3 -2.0 -1.7 48  0.0                           
031915111015104877ダノングレース　　　　　　　　　　　  3.1  1.4 13.5 37.5 17.8 68 13.0                           
031915120115100894ダンケシェーン　　　　　　　　　　　 12.6  3.2  2.6  0.4  0.9 31  9.2                           
031915120215101420セイリスペクト　　　　　　　　　　　 32.2  7.1-10.8-10.8 -7.2 23  0.0                           
031915120314104416バンパークロップ　　　　　　　　　　 14.3  3.6  1.0 10.7  4.2 34  0.0  1  602   40              
031915120415100317ロジペルレスト　　　　　　　　　　　  8.9  2.7-11.3 17.0  2.8 33  0.0  1  134   71              
031915120514100596ランバージャック　　　　　　　　　　 15.1  3.7  5.3 -5.5 -0.4 30  0.0                           
031915120614105676メンターモード　　　　　　　　　　　 18.2  4.4     -10.8 -4.0 26  0.0                           
031915120713103738メイショウノボサン　　　　　　　　　  4.5  1.8 11.8  6.1  5.8 36 14.2                           
031915120813103590ヒルノサルバドール　　　　　　　　　  3.6  1.6 16.4 20.0 12.3 42  6.7                           
031915120912106055スマイルフォース　　　　　　　　　　 85.9 17.4-10.8-10.8 -7.2 23  0.0                           
031915121014105185レッドエレノア　　　　　　　　　　　 16.0  3.9-11.3  6.6 -1.0 29  0.0  5                        
031915121114104353シュプリームゾーン　　　　　　　　　  8.8  2.7 -5.5 -4.7 -3.4 27  0.0                           
031915121214103425スペルマロン　　　　　　　　　　　　 19.7  4.7  6.0 -9.0 -1.5 28 12.1                           
031915121313103679オルノス　　　　　　　　　　　　　　 45.8  9.8-10.8-10.8 -7.2 23  0.0                           
031915121415101380サトノゲイル　　　　　　　　　　　　 35.1  7.7 -7.0  8.4  1.0 31  0.0                           
031915121515100272セイウンクールガイ　　　　　　　　　  6.6  2.2-10.0  3.4 -1.8 28  7.9                           
051921010116103591デルマヴェルサイユ　　　　　　　　　 23.2  4.7  0.6  4.8  1.9  7  0.0                           
051921010216104159アースエアブリーズ　　　　　　　　　 23.3  4.7-10.0  6.1 -0.8  4  0.0                           
051921010316100592ダルメイン　　　　　　　　　　　　　  9.2  2.5 15.3  3.7  5.9 11 17.5  5                        
051921010416102628ヤマニングレナデン　　　　　　　　　 37.1  7.2-10.4  6.8 -0.6  4  0.0                           
051921010516104943カワイイスイーパー　　　　　　　　　 13.7  3.1 -6.4  5.5  0.1  5  0.0                           
051921010616103140ナイスプリンセス　　　　　　　　　　  3.0  1.4 12.0 17.3  9.9 15 18.1                           
051921010716102000ダンカーコ　　　　　　　　　　　　　 34.1  6.6 -1.4 -7.0 -3.0  2  0.0                           
051921010816103682クリノリトルスター　　　　　　　　　190.9 33.2 -9.2 -9.0 -6.1 -1  0.0                           
051921010916104718ノーブルルーナ　　　　　　　　　　　 58.3 10.6-10.0-10.1 -6.7 -2  0.0                           
051921011016105446トッケンリスク　　　　　　　　　　　108.6 19.2-10.0-10.6 -6.9 -2  0.0                           
051921011116105864フェアリースキップ　　　　　　　　　 22.7  4.6 -3.2 -4.7 -2.7  2  0.0                           
051921011216102344サイファリス　　　　　　　　　　　　  3.7  1.5 17.1  7.9  8.0 13 19.8                           
051921011316100802プリマヴォルタ　　　　　　　　　　　  7.6  2.2  8.1 22.3 10.6 16  0.0                           
051921011416106301ベリッシモファルコ　　　　　　　　　  8.3  2.3 20.7 10.5 10.1 15  6.8  5                        
051921011516101879エメラルドアゲン　　　　　　　　　　 35.6  6.9-10.0  6.1 -0.8  4  0.0                           
051921011616100354ペイシャコリンナ　　　　　　　　　　 14.8  3.3-10.4  6.9 -0.6  4  0.0                           
051921020116104107タッカーブルー　　　　　　　　　　　 45.5  7.5-10.0 -5.5 -5.0  0  0.0                           
051921020216102711クリムトゥ　　　　　　　　　　　　　 70.2 10.9-10.0-13.7 -8.0 -3  0.0  0                        
051921020316100889ワンダーヴァレッタ　　　　　　　　　  7.5  1.9  4.7 11.2  5.5 11  0.0  5                        
051921020416104667レアフィード　　　　　　　　　　　　  9.4  2.3  6.0  8.9  5.1 10 10.3                           
051921020516106485ガルラバン　　　　　　　　　　　　　 52.0  8.5-10.0-14.3 -8.2 -3  0.0  0                        
051921020616106358リンガスビャクヤ　　　　　　　　　　  6.0  1.7 13.8  7.3  6.8 12 12.5                           
051921020716100619アイトマコト　　　　　　　　　　　　 34.4  5.8 -2.9 -4.1 -2.4  3  0.0                           
051921020816102291ペイシャラトゥール　　　　　　　　　 41.6  6.9 -6.2  8.6  1.3  6  0.0  5                        
051921020916106295ローズギフト　　　　　　　　　　　　 16.4  3.2-10.0  7.3 -0.3  5  0.0                           
051921021016105703タイセイグリード　　　　　　　　　　 67.4 10.5-10.4-12.3 -7.6 -3  0.0  0                        
051921021116100411ヴェリートレビアン　　　　　　　　　 33.8  5.7-11.4 -6.8 -5.9 -1  0.0                           
051921021216102853メメランタン　　　　　　　　　　　　  2.4  1.2 22.0 15.9 12.4 17 18.1                           
051921021316105642エムティーカイザ　　　　　　　　　　 34.4  5.8-10.4 -4.7 -4.8  0  0.0                           
051921021416100848ジェイケイエース　　　　　　　　　　  3.3  1.4 17.9  7.4  8.1 13 19.8                           
051921030116101394ハンターテソーロ　　　　　　　　　　  5.6  1.7 10.0 22.5 11.3 16 15.2                           
051921030216103753グレートリープ　　　　　　　　　　　 11.5  2.6  6.0 -9.6 -1.7  3  0.0                           
051921030316104860セイクリッドキング　　　　　　　　　  4.6  1.6  8.1 19.0  9.4 14 11.6                           
051921030416100216タマモキャペリン　　　　　　　　　　  9.1  2.4  9.4 12.0  7.2 12  9.6  5                        
051921030516102650タイセイガニアン　　　　　　　　　　  9.3  2.4  6.7 -4.4  0.4  5  7.2  0                        
051921030616103908フルヒロブラック　　　　　　　　　　 44.1  8.0-10.0-12.4 -7.5 -3  0.0                           
051921030716109008ヴァニラシェイク　　　　　　　　　　  2.3  1.3 20.0 18.3 12.7 18 18.1                           
051921030816103451ニシノアマタ　　　　　　　　　　　　 68.6 11.7 -9.7-20.0-10.2 -5  0.0                           
051921030916100303セイカアミダイケ　　　　　　　　　　 41.5  7.5-10.0 -2.0 -3.7  1  0.0  0                        
051921031016101324アイアンゾーン　　　　　　　　　　　 44.1  8.0-10.0-12.2 -7.5 -2  0.0                           
051921031116105625タイガーストライプ　　　　　　　　　115.9 19.4-10.0-11.4 -7.2 -2  0.0                           
051921031216100823セイスピカ　　　　　　　　　　　　　 30.1  5.6 -3.8-12.0 -5.5 -1  0.0                           
051921031316101870カシマヌアージ　　　　　　　　　　　 50.4  9.0-11.4 -2.4 -4.3  1  0.0                           
051921031416102317ラブヴィサージュ　　　　　　　　　　 53.2  9.5-13.4-11.3 -8.2 -3  0.0                           
051921031516106078ペイシャカノープス　　　　　　　　　 23.3  4.5  4.0 -5.0 -0.6  4  0.0  0                        
051921031616101633オールフォーワン　　　　　　　　　　 43.6  7.9-11.4 -2.4 -4.3  1  0.0                           
051921040116101038マカルーテソーロ　　　　　　　　　　 16.3  3.3  6.0  4.8  3.6  9  0.0                           
051921040216102261リワードプロキオン　　　　　　　　　 59.8 10.0-11.4-12.4 -8.0 -3  0.0                           
051921040316105293レッドゼニス　　　　　　　　　　　　  5.0  1.6  9.8 10.7  6.9 12  6.3                           
051921040416104312シゲルグリンダイヤ　　　　　　　　　  4.7  1.5 15.8 25.1 13.9 19  5.8  2                        
051921040516104576ドンヒューズ　　　　　　　　　　　　  2.2  1.2 20.4 27.7 16.3 21 18.1                           
051921040616110090マキ　　　　　　　　　　　　　　　　  5.4  1.6 11.4 21.6 11.3 16 23.1                           
051921040716110056ファインスティール　　　　　　　　　 29.2  5.4 -6.0-10.1 -5.5 -1 11.6                           
051921040816104330エヌワイパフューム　　　　　　　　　 16.4  3.3  6.0  7.5  4.6 10  0.0                           
051921040916105244エンパワーメント　　　　　　　　　　 32.3  5.8-10.0 -6.1 -5.2  0  0.0  5                        
051921041016100966サンタコマ　　　　　　　　　　　　　 38.2  6.8-10.0-10.0 -6.7 -2  0.0                           
051921041116106512ドゥーワンズベスト　　　　　　　　　 61.0 10.2-12.5-15.1 -9.3 -4  0.0  0                        
051921041216102898ハーモニーロータス　　　　　　　　　 57.2  9.6-10.4-11.7 -7.4 -2  0.0                           
051921041316103399ヤシャジン　　　　　　　　　　　　　 39.1  6.9-10.4-16.6 -9.2 -4  0.0  0                        
051921041416100280イジェン　　　　　　　　　　　　　　 74.3 12.3-13.1 -6.8 -6.4 -1  0.0                           
051921050116105227ルイジアナママ　　　　　　　　　　　  6.3  1.8  5.3 12.0  6.0 11  0.0                           
051921050216109007メイオール　　　　　　　　　　　　　  6.8  1.9 10.0 20.4 10.5 15  0.0                           
051921050316102237スミレヴィオレッタ　　　　　　　　　 58.2  9.9-10.0-11.5 -7.2 -2  0.0                           
051921050416103801プリンセスシャイン　　　　　　　　　 47.4  8.4-10.0-10.0 -6.7 -2  0.0                           
051921050516105758レジーナスミス　　　　　　　　　　　 50.4  8.9-10.0-10.6 -6.9 -2  0.0                           
051921050616103203ホワイトショーコ　　　　　　　　　　 40.7  7.3-13.4 -5.7 -6.1 -1  0.0                           
051921050716101372カウムディー　　　　　　　　　　　　 26.0  4.9  6.0  6.3  4.1  9  0.0                           
051921050816104741ミスマリア　　　　　　　　　　　　　  2.2  1.2 21.9 24.3 15.5 20 18.1                           
051921050916100738アナザークイーン　　　　　　　　　　 16.9  3.5  4.5  3.7  2.7  8  0.0                           
051921051016103064ショウナンバビアナ　　　　　　　　　  4.9  1.6 16.9 16.9 11.3 16 19.8                           
051921051116103922ノアキセキ　　　　　　　　　　　　　 52.8  9.3-13.1 -8.9 -7.2 -2  0.0  0                        
051921051216104317ベルロスセレソス　　　　　　　　　　 14.7  3.1 -9.2  7.6  0.0  5  0.0                           
051921051316103124ハッピークラッカー　　　　　　　　　 19.3  3.9  3.6  2.1  1.9  7 21.0                           
051921051416104247グラデュアリー　　　　　　　　　　　 14.2  3.0  9.1  3.4  4.0  9  7.2                           
051921060116101102ブルーザリオン　　　　　　　　　　　 28.8  5.7 -9.3-10.7 -6.7 -2  9.1                           
051921060216102723プロース　　　　　　　　　　　　　　117.8 20.9-10.0-17.4 -9.4 -4  0.0  0                        
051921060316104319サトノエルドール　　　　　　　　　　  2.6  1.3 22.0 23.9 15.4 20 18.1                           
051921060416109093カミノシルヴィ　　　　　　　　　　　 27.4  5.5-13.4  3.7 -2.7  2  0.0                           
051921060516106456アースドラゴン　　　　　　　　　　　 15.0  3.3  8.1 24.0 11.2 16  0.0                           
051921060616104927ロンリーソルジャー　　　　　　　　　  6.5  2.0 10.0 23.1 11.5 16  0.0                           
051921060716100701オーレア　　　　　　　　　　　　　　 40.9  7.9-10.0 -9.7 -6.6 -2  0.0                           
051921060816103909カナロアガール　　　　　　　　　　　  5.7  1.8 12.7 16.8 10.0 15 15.2                           
051921060916102116キングアゲン　　　　　　　　　　　　 64.6 11.7 -6.5 -3.9 -3.4  2  0.0                           
051921061016104409ジェラーニオ　　　　　　　　　　　　 49.6  9.4 -5.9-13.1 -6.6 -2  0.0                           
051921061116105787ミラキュラスパワー　　　　　　　　　 38.5  7.4 -8.7-11.3 -6.8 -2  0.0                           
051921061216100108サツキミラクル　　　　　　　　　　　 89.0 15.9-13.1-11.4 -8.1 -3  0.0                           
051921061316102719スズロザーナ　　　　　　　　　　　　 24.1  4.9  0.5  6.9  2.7  8  0.0                           
051921061416105143デルマガルニエ　　　　　　　　　　　181.8 31.8-11.4-13.4 -8.3 -3  0.0                           
051921061516100163デュオビギン　　　　　　　　　　　　122.9 21.7-10.0-11.7 -7.3 -2  0.0                           
051921061616104480レッドクレオス　　　　　　　　　　　  4.5  1.6 13.6 10.9  8.1 13  0.0                           
051921061716105922サクラデュエル　　　　　　　　　　　  7.7  2.2 17.5 24.7 14.3 19 24.7                           
051921070115101348プタハ　　　　　　　　　　　　　　　  6.8  2.1 11.6 12.0  7.9 28  0.0                           
051921070215106252ホマレ　　　　　　　　　　　　　　　 13.0  3.1 10.0  5.5  5.0 25  0.0                           
051921070314102976メイショウアテン　　　　　　　　　　 16.1  3.7 -6.3 -4.7 -3.6 16 12.3                           
051921070415100063グリズリダンス　　　　　　　　　　　 49.0  9.7-11.4-13.3 -8.3 12  0.0  0                        
051921070513103678ヤマイチジャスティ　　　　　　　　　 13.1  3.1  5.6 -0.8  1.4 21  0.0  5                        
051921070615100547ケイアイマリブ　　　　　　　　　　　  9.2  2.6  1.1 -4.7 -1.4 19  6.7                           
051921070715104916ミッキーハイド　　　　　　　　　　　  3.0  1.4 16.6 16.8 11.1 31 12.8  5                        
051921070815100845ジェイケイマッチョ　　　　　　　　　 20.6  4.5  4.7  2.9  2.5 22  0.0                           
051921070915101404デルマシャンパン　　　　　　　　　　 51.1 10.1-11.4-13.8 -8.5 12  0.0                           
051921071012103265トウショウデュエル　　　　　　　　　139.1 25.7-11.4 -9.2 -6.8 13  0.0                           
051921071115100587ヤマニンリュシオル　　　　　　　　　 27.3  5.7 10.4 22.6 11.4 31  0.0                           
051921071215101889ディーエスバズーカ　　　　　　　　　 20.0  4.4 20.7 -0.3  6.1 26  9.2                           
051921071312105606レンズフルパワー　　　　　　　　　　 34.8  7.1  6.2-12.2 -2.6 17  0.0                           
051921071415105584ハヤブサレジェンド　　　　　　　　　  4.3  1.7 15.0 11.3  8.6 29 19.8  5                        
051921071512101143オープンザウェイ　　　　　　　　　　 13.3  3.2-10.0  9.1  0.3 20  8.2                           
051921071615105971エルポルラド　　　　　　　　　　　　 43.5  8.7-11.4-10.9 -7.4 13  0.0                           
051921080115100098ラスティユース　　　　　　　　　　　 15.0  3.2  8.2  2.9  3.5 24  7.7                           
051921080213100915サンペドロ　　　　　　　　　　　　　 34.8  6.5-10.0-15.1 -8.5 11  0.0                           
051921080315102419トーセンゼロス　　　　　　　　　　　 30.1  5.7 -0.8-12.9 -5.0 15  0.0  0                        
051921080415101028キルロード　　　　　　　　　　　　　  3.4  1.4 12.9 27.0 13.8 34 14.0                           
051921080513104170ヨクエロマンボ　　　　　　　　　　　  8.4  2.3 11.6  7.6  6.3 26 10.3A                          
051921080615100491ヒロノブシドウ　　　　　　　　　　　 68.2 11.8-10.4 -6.1 -5.4 15  0.0                           
051921080715101125トーセンヴィータ　　　　　　　　　　  4.6  1.5 14.3 21.3 12.1 32  6.3                           
051921080815104405ウェストブルック　　　　　　　　　　  6.0  1.8  9.8 10.0  6.6 27  6.7A                          
051921080915102620ベルクカッツェ　　　　　　　　　　　 26.3  5.1-13.4 12.0  0.4 20  0.0                           
051921081015100186キョウワスピネル　　　　　　　　　　 74.6 12.9-10.4 -3.5 -4.4 16  0.0  5                        
051921081114105774ポップアップスター　　　　　　　　　  2.9  1.3 16.5 24.7 14.0 34 18.1                           
051921081215102370ダノンテアトロ　　　　　　　　　　　 31.0  5.9 -6.0 -6.1 -4.0 16  0.0                           
051921090116104364パラダイスリーフ　　　　　　　　　　  4.2  1.5 15.2 11.9  8.9 29 23.1                           
051921090216103298エデリー　　　　　　　　　　　　　　  3.0  1.3 13.5 14.6  9.4 29  5.3                           
051921090316104149ツクバソヴァール　　　　　　　　　　 21.8  4.4 -8.7 -9.2 -6.0 14  0.0                           
051921090416101075アイスブラスト　　　　　　　　　　　  4.1  1.5 14.3 12.8  9.0 29 15.2                           
051921090516100901テイエムバリバリ　　　　　　　　　　 14.5  3.2  6.0 -1.5  1.3 21  0.0                           
051921090616106397レオ　　　　　　　　　　　　　　　　  8.3  2.3  8.0 23.5 11.0 31 17.5  3                        
051921090716106405アールコンセンサス　　　　　　　　　  3.5  1.4 15.8 20.0 12.1 32  5.8                           
051921090816100758マイネルステレール　　　　　　　　　 25.3  5.0  3.7-10.4 -2.7 17  0.0                           
051921100115104665ジナンボー　　　　　　　　　　　　　  3.3  1.4 17.0 21.0 12.8 48 18.1                           
051921100213106088サトノケンシロウ　　　　　　　　　　 11.4  2.8  7.5  7.0  4.8 40  0.0                           
051921100315102692シャルルマーニュ　　　　　　　　　　 35.5  7.3-12.5-15.1 -9.3 26  0.0  0                        
051921100414105991サトノグラン　　　　　　　　　　　　 29.4  6.2-12.5-11.3 -7.9 27  0.0                           
051921100515104664パイオニアバイオ　　　　　　　　　　  8.9  2.6  6.0 10.6  5.7 41 10.3                           
051921100611103696ショウナンマルシェ　　　　　　　　　 38.0  7.8-11.4 -8.1 -6.4 29  0.0                           
051921100713106474ケンホファヴァルト　　　　　　　　　 39.0  8.0-12.5 -5.0 -5.6 29  0.0  5                        
051921100814105836ダノンキングダム　　　　　　　　　　  5.2  1.8 15.5 10.8  8.6 44 16.3                           
051921100914105992スパイラルダイブ　　　　　　　　　　  4.1  1.6 10.0  6.4  5.3 40 11.6 1                         
051921101013100615ルネイション　　　　　　　　　　　　 14.5  3.4 12.6 -3.2  2.6 38  0.0                           
051921101114105926シンギュラリティ　　　　　　　　　　  4.2  1.6 15.8 14.4 10.0 45  6.2                           
051921110114105681アメリカズカップ　　　　　　　　　　 26.0  5.8-12.5-11.8 -8.1 37  9.1                           
051921110212105586ダノングッド　　　　　　　　　　　　 47.9 10.1-12.5 -0.8 -4.0 41  0.0                           
051921110312101359サトノアッシュ　　　　　　　　　　　 25.4  5.7-12.5 -9.6 -7.3 38  0.0                           
051921110415104006マリームーン　　　　　　　　　　　　  6.0  2.0 11.6  9.3  6.9 52  0.0                           
051921110514103547スマートダンディー　　　　　　　　　  4.0  1.6 18.8 13.8 10.7 56 14.0                           
051921110614106448アンデスクイーン　　　　　　　　　　 33.6  7.3-12.5-14.7 -9.1 36  9.7  0                        
051921110714102862ローズプリンスダム　　　　　　　　　 34.6  7.5 -8.7 -7.0 -5.2 40  0.0                           
051921110814103977ダンツゴウユウ　　　　　　　　　　　  7.5  2.3 10.1  7.0  5.6 51 26.4                           
051921110912106103ブラゾンドゥリス　　　　　　　　　　129.0 25.5-10.0 -5.7 -5.1 40  0.0                           
051921111011105914サングラス　　　　　　　　　　　　　  7.4  2.3 11.1 10.0  7.0 52  0.0                           
051921111113105745エレクトロポップ　　　　　　　　　　 18.1  4.3 -1.0 -4.7 -2.0 43  0.0                           
051921111213102037ドライヴナイト　　　　　　　　　　　 41.5  8.9-13.1-10.1 -7.6 37  0.0                           
051921111315100318アルクトス　　　　　　　　　　　　　  6.8  2.2 12.4 13.8  8.8 54  6.7                           
051921111412110043ドリームキラリ　　　　　　　　　　　 41.8  8.9 -2.9  6.8  1.6 47  0.0                           
051921111513104246クインズサターン　　　　　　　　　　  3.9  1.6 25.1 28.0 17.8 63  7.5  3                        
051921111614100510タガノディグオ　　　　　　　　　　　 96.9 19.3-12.5-10.1 -7.5 38  0.0                           
051921120115102123スズカアーチスト　　　　　　　　　　 46.5  9.8  6.2-12.3 -2.7 27 10.6  0                        
051921120214101953ダノンディーヴァ　　　　　　　　　　  3.9  1.6 19.9 15.6 11.7 42  5.8                           
051921120314104346アバルラータ　　　　　　　　　　　　  6.3  2.1 18.8 11.9 10.0 40  0.0                           
051921120414105914ユアスイスイ　　　　　　　　　　　　 11.7  3.0  3.6  4.3  2.7 33 11.6                           
051921120515104815ラストプリマドンナ　　　　　　　　　  3.8  1.6 14.7 16.2 10.4 40 12.8                           
051921120615102392シグナライズ　　　　　　　　　　　　  8.9  2.6  7.5 -9.5 -1.2 29  7.2                           
051921120715104376オーヴォドーロ　　　　　　　　　　　 16.3  3.9-11.4  2.0 -2.7 27  0.0                           
051921120815103901ディアサルファー　　　　　　　　　　 35.7  7.7-10.0-10.4 -6.8 23  0.0                           
051921120915103270ハトホル　　　　　　　　　　　　　　  9.1  2.7 20.7  3.4  7.5 37  7.7                           
051921121015103673トンボイ　　　　　　　　　　　　　　 35.7  7.7-12.5-14.7 -9.1 21  0.0  0                        
051921121115105970アンリミット　　　　　　　　　　　　  6.2  2.0 11.1  1.7  4.0 34  0.0  0                        
051921121214104265ツヅク　　　　　　　　　　　　　　　 11.7  3.0-10.0 17.5  3.4 33 21.0  5                        
081931010116103317ハートウォーミング　　　　　　　　　  5.7  1.8 16.8  6.3  8.1 13  9.6                           
081931010216102181ノーチラス　　　　　　　　　　　　　  7.2  2.1  1.8 15.7  5.4 10 10.3                           
081931010316104583パルメ　　　　　　　　　　　　　　　 18.8  3.9 -5.6  8.4  0.5  5 29.4                           
081931010416103535クリノクルミチャン　　　　　　　　　 85.1 14.9-10.9 -3.4 -5.0  0  0.0                           
081931010516100525タガノハツコイ　　　　　　　　　　　  3.1  1.4 12.6  7.4  6.8 12  9.9                           
081931010616103142ビディー　　　　　　　　　　　　　　 68.5 12.1-11.4-13.4 -8.2 -3  0.0                           
081931010716103765セブンティサン　　　　　　　　　　　 13.6  3.0 -5.6 10.5  1.1  6  9.4                           
081931010816104425ウォーターヴィラ　　　　　　　　　　 86.0 15.1-10.8-10.3 -7.1 -2  0.0                           
081931010916102621ダイヤーズブルーム　　　　　　　　　 44.0  8.2-11.4 -8.0 -6.6 -2  0.0                           
081931011016104738ベルヴィンカ　　　　　　　　　　　　 45.3  8.5-10.9 -9.0 -6.7 -2  0.0                           
081931011116105066イルマタル　　　　　　　　　　　　　 17.1  3.7  1.2 -0.3  0.3  5  0.0                           
081931011216104389ルプレジール　　　　　　　　　　　　  3.3  1.4 18.5 14.4 11.1 16 17.0                           
081931011316104609ハッピーアモーレ　　　　　　　　　　 17.0  3.6 10.4 -3.1  2.9  8  0.0                           
081931011416105788ゴールドメファ　　　　　　　　　　　 36.9  7.0-11.4-15.3 -8.8 -4  0.0  0                        
081931011516101630ミキノモンテカルロ　　　　　　　　　 38.1  7.2-10.9-20.0-10.0 -5  0.0                           
081931011616101194グレースゼット　　　　　　　　　　　 29.1  5.7 -7.8 -2.5 -3.6  1  0.0                           
081931020116102399ワンダークラッシー　　　　　　　　　 20.5  3.9  3.8 -8.0 -1.0  4  0.0                           
081931020216100780ヘニーオーザ　　　　　　　　　　　　  4.1  1.5 15.5 13.9  9.9 15 16.4                           
081931020316100799フォリオール　　　　　　　　　　　　  2.3  1.2 19.7 20.4 13.3 18 18.0                           
081931020416105523エールジョリー　　　　　　　　　　　 37.2  6.5-10.9-15.3 -8.6 -4  0.0                           
081931020516100710アイメイドイット　　　　　　　　　　  8.1  2.1 12.2 18.4 10.0 15 10.3                           
081931020616106051ジュゼッペレオ　　　　　　　　　　　 64.2 10.5-10.9-15.6 -8.7 -4  0.0  0                        
081931020716101810ヨイタビヲ　　　　　　　　　　　　　 32.5  5.8 -3.6-10.7 -4.5  0  0.0                           
081931020816104849ルバクオーリ　　　　　　　　　　　　  6.7  1.9  9.5 10.1  6.5 12 18.4                           
081931020916100187エーティーキンセイ　　　　　　　　　 42.2  7.3 -5.6  6.1 -0.2  5  0.0                           
081931021016101985モツ　　　　　　　　　　　　　　　　 43.9  7.6-10.9-15.2 -8.6 -4  0.0                           
081931021116100212ゼットセントラル　　　　　　　　　　 51.9  8.8 -5.9  0.8 -1.9  3 21.6                           
081931021216104180スズカシニック　　　　　　　　　　　 22.9  4.3-11.0-11.3 -7.4 -2  0.0                           
081931021316103777ウェイクール　　　　　　　　　　　　 53.3  9.0-10.9 -9.3 -6.8 -2  0.0                           
081931021416101054ブルベアベージュ　　　　　　　　　　 32.5  5.8 -8.5-14.3 -7.4 -2  0.0                           
081931021516105905ジャングルランブル　　　　　　　　　 19.1  3.7  1.1  2.0  1.0  6  0.0                           
081931021616106063ノーブルクロノス　　　　　　　　　　 17.0  3.4  7.9  4.1  4.1  9  0.0                           
081931030116102095サンライズエール　　　　　　　　　　 28.6  5.8 -1.6-12.2 -4.2  1  0.0                           
081931030216103106オルクドール　　　　　　　　　　　　 35.5  7.0-10.9-10.2 -7.1 -2  0.0                           
081931030316101666エイシンゴエモン　　　　　　　　　　 11.5  2.8  5.9  5.4  3.8  9  7.7                           
081931030416104909デルマシャンティ　　　　　　　　　　  6.2  1.9 14.4 12.0  8.9 14  0.0  5                        
081931030516104367レイジングブレイズ　　　　　　　　　 20.0  4.3-11.4 13.6 -0.1  5  0.0                           
081931030616100874ブルーリップグロス　　　　　　　　　 97.1 17.6-11.0-12.6 -7.8 -3  0.0                           
081931030716100472ザプリオレス　　　　　　　　　　　　  6.4  2.0  4.3 40.0 13.6 19 22.9  1  182   54              
081931030816101359アマリリステソーロ　　　　　　　　　 25.5  5.2  3.9 12.0  5.0 10  0.0                           
081931030916101500ケントホープ　　　　　　　　　　　　 55.5 10.3-11.0 -3.1 -5.0  0 21.6                           
081931031016101986オウケンシャトル　　　　　　　　　　 58.3 10.8 -5.6-10.2 -5.1  0  0.0                           
081931031116101585ダンツアタッカー　　　　　　　　　　 44.0  8.5-11.4 -8.1 -6.6 -2  0.0                           
081931031216102201ヒュミドール　　　　　　　　　　　　 19.3  4.2 -5.6 -3.5 -3.1  2  0.0                           
081931031316105037リトルフォレスト　　　　　　　　　　 47.5  9.2-11.4-10.2 -7.2 -2  0.0                           
081931031416102533タカノアンジェラス　　　　　　　　　  3.1  1.4 17.1 17.2 11.4 16 18.0                           
081931031516102529リーガルマインド　　　　　　　　　　 16.2  3.6  1.2 -4.0 -0.8  4  0.0                           
081931031616105563ルノワール　　　　　　　　　　　　　  3.7  1.5 17.8 15.5 11.2 16 16.4                           
081931040116101717ノーリミッツ　　　　　　　　　　　　 27.7  4.6  7.9 -1.8  2.4  7 15.3                           
081931040216102830オイデ　　　　　　　　　　　　　　　 69.2 10.3-10.9-10.2 -7.1 -2  0.0                           
081931040316103937スリーカナロアー　　　　　　　　　　  2.5  1.2 20.2 30.0 16.4 21 18.0                           
081931040416105786ステップシー　　　　　　　　　　　　 50.8  7.9-10.9-15.8 -8.7 -4  0.0                           
081931040516105580ティーフルムーン　　　　　　　　　　 15.7  2.9  9.1  8.8  6.0 11  0.0                           
081931040616100834モズコールズ　　　　　　　　　　　　 52.8  8.2-10.9-15.6 -8.7 -4  0.0  0                        
081931040716100841ムギ　　　　　　　　　　　　　　　　 50.9  7.9-10.9-13.9 -8.2 -3  0.0                           
081931040816109097テイエムウンマカ　　　　　　　　　　 43.5  6.9 -4.1-14.7 -5.9 -1  0.0                           
081931040916102266サイモンシャルール　　　　　　　　　 31.1  5.1-10.9-11.2 -7.4 -2  9.8                           
081931041016105235タイヨウノコマチ　　　　　　　　　　 28.3  4.7 -0.2-12.2 -3.7  1 13.2                           
081931041116102904ボンベール　　　　　　　　　　　　　 38.0  6.1 -4.2  7.5  0.7  6  0.0                           
081931041216105973テイエムブランコ　　　　　　　　　　 60.3  9.0 -5.6-15.8 -6.8 -2  0.0                           
081931041316105534オメガダヴィンチ　　　　　　　　　　  6.6  1.7 12.2  9.8  7.4 12 11.7                           
081931041416102169スマートフェイス　　　　　　　　　　 45.8  7.2-11.4-14.8 -8.6 -4  0.0                           
081931041516105761オールドボンバー　　　　　　　　　　100.2 14.5-10.9-11.7 -7.5 -3  0.0                           
081931041616103123ボマイェ　　　　　　　　　　　　　　  2.8  1.3 17.4 18.4 11.9 17 16.4                           
081931041716104700ラディアントパレス　　　　　　　　　 26.2  4.4 -8.0 -3.1 -3.9  1  0.0  5                        
081931041816104371ハートスナッチャー　　　　　　　　　 15.6  2.9  1.1 15.8  5.1 10  0.0                           
081931050116104570バラーディスト　　　　　　　　　　　 14.7  3.2 -0.2-11.1 -3.4  2  0.0                           
081931050216100724マイネルリャードフ　　　　　　　　　 27.5  5.3-12.9 -3.3 -5.7 -1  0.0                           
081931050316102409バリエンテドンナ　　　　　　　　　　 24.1  4.8 -9.5 -3.8 -4.6  0  0.0                           
081931050416104379アヴァターラ　　　　　　　　　　　　  7.6  2.1 10.1 17.4  8.9 14  9.6  1  155   52              
081931050516105133レッドレイル　　　　　　　　　　　　 15.6  3.4 10.2  2.2  4.4  9  0.0                           
081931050616104809ナムラテンゲル　　　　　　　　　　　 37.4  7.0-10.9-10.2 -7.1 -2  0.0                           
081931050716102661マテラブレス　　　　　　　　　　　　 62.7 11.0-10.8-10.3 -7.1 -2  0.0                           
081931050816103291レシプロケイト　　　　　　　　　　　  3.4  1.5 21.8  9.0 10.7 16 10.8                           
081931050916102356フクヒコ　　　　　　　　　　　　　　 99.6 17.1-10.9 -9.3 -6.8 -2  0.0                           
081931051016101400アサケボス　　　　　　　　　　　　　 53.3  9.7-14.0-20.0-11.1 -6  0.0  0                        
081931051116105176ブラックアイドタフ　　　　　　　　　 13.6  3.0 -4.2 13.1  2.4  7 21.2                           
081931051216100784ラクローチェ　　　　　　　　　　　　  3.0  1.4 17.3 21.1 12.7 18  8.1                           
081931051316103235アモローサ　　　　　　　　　　　　　101.0 17.4-10.8-10.2 -7.0 -2  0.0                           
081931051416100356ダイシンラッシュ　　　　　　　　　　 41.3  7.7-10.9-13.8 -8.1 -3  0.0                           
081931051516110022ドリームライクエマ　　　　　　　　　 39.1  7.3 -4.1 -2.6 -2.3  3  0.0                           
081931051616105182フェータルイヴ　　　　　　　　　　　 32.8  6.2 -2.0  7.5  1.5  7  0.0                           
081931051716102625オニール　　　　　　　　　　　　　　 49.1  9.0-10.9-11.7 -7.5 -3 15.1                           
081931051816100611クラヴィーア　　　　　　　　　　　　  8.4  2.3 -5.6 12.2  1.6  7 22.9                           
081931060116101711メイショウゼッケイ　　　　　　　　　 17.2  3.9 11.2  8.3  6.6 27  0.0                           
081931060216101493パドカトル　　　　　　　　　　　　　  2.4  1.3 15.9 29.6 14.7 35 15.0                           
081931060316102353マイネルプリサイス　　　　　　　　　 17.8  4.0 -5.6  4.3 -0.8 19 17.1                           
081931060416102972エイカイキャロル　　　　　　　　　　  7.9  2.3  7.8 11.8  6.4 26  0.0                           
081931060516105963ビートマジック　　　　　　　　　　　 37.5  7.6 -9.7 -7.6 -5.8 14 21.6                           
081931060616101984イチバンヤリ　　　　　　　　　　　　 15.2  3.5-10.9-13.1 -7.9 12  0.0                           
081931060716100040カネコメアサヒ　　　　　　　　　　　  8.5  2.5  7.1 -3.4  1.6 22 10.3                           
081931060816102475ハクサンウェーブ　　　　　　　　　　 67.2 12.8-11.0  9.2 -1.3 19  0.0                           
081931060916103788ダイメイサツキ　　　　　　　　　　　 26.5  5.6-10.9  7.3 -1.8 18 10.8                           
081931061016100214スナークスター　　　　　　　　　　　 15.2  3.5 -2.6  1.1 -0.6 19  0.0                           
081931061116104058レサイヤ　　　　　　　　　　　　　　 29.4  6.1-10.9 -0.5 -4.1 16 19.8                           
081931061216100317プリンシアルーチェ　　　　　　　　　  7.5  2.2 11.7-12.2  0.6 21  0.0                           
081931061316110132セイウンコービー　　　　　　　　　　 21.1  4.6-10.9-11.4 -7.4 13  0.0                           
081931061416106381アスカノダイチ　　　　　　　　　　　  8.9  2.5  8.5 10.3  6.2 26 11.0                           
081931061516106132タマモクレマチス　　　　　　　　　　 35.7  7.3-11.4-16.9 -9.3 11  0.0                           
081931070115100405ギンコイエレジー　　　　　　　　　　  4.4  1.7 18.5 40.0 18.8 39 13.7                           
081931070215106187メジェールスー　　　　　　　　　　　  5.4  1.9 11.3  7.8  6.5 26 11.7                           
081931070314101616レンジャックマン　　　　　　　　　　 43.0  9.2 -8.7-11.7 -6.7 13  0.0                           
081931070415102849スーサンドン　　　　　　　　　　　　 24.7  5.6-14.0-10.2 -8.2 12  0.0                           
081931070515101826キャッチミーアップ　　　　　　　　　  6.2  2.1 11.8  9.2  7.1 27 10.3                           
081931070615102051ホウオウサンドラ　　　　　　　　　　 18.5  4.4 -8.7-13.4 -7.2 13  0.0                           
081931070715100018ドラセナ　　　　　　　　　　　　　　 12.3  3.2 -5.6 -0.3 -2.1 18  0.0                           
081931070815104381ピエナミント　　　　　　　　　　　　  3.7  1.6 13.8 17.9 10.4 30  8.1  3                        
081931070915101342マジックバローズ　　　　　　　　　　  6.9  2.2  4.4 10.7  4.8 25  0.0                           
081931071014101118レディギャング　　　　　　　　　　　  7.6  2.4  8.5  7.3  5.3 25 26.2                           
081931071115109073ライブリテックス　　　　　　　　　　 35.7  7.8-10.9-10.1 -7.0 13  0.0                           
081931071214102777ハトマークワルツ　　　　　　　　　　 39.6  8.6 -7.4 -9.0 -5.4 15 18.9                           
081931080115100833ランドヘルメース　　　　　　　　　　 35.9  7.8-11.0-10.5 -7.2 13  0.0                           
081931080214100641キングレイスター　　　　　　　　　　 26.1  5.9-10.9-20.0-10.0 10  0.0  0                        
081931080313102631ジョースターライト　　　　　　　　　  3.9  1.6 10.7  9.3  6.7 27  8.1                           
081931080415100913ゴッドスパロウ　　　　　　　　　　　 24.7  5.6-14.0-10.5 -8.3 12  0.0                           
081931080514100508アルムチャレンジ　　　　　　　　　　 30.2  6.7-10.9  0.7 -3.8 16 15.4                           
081931080614104001セヴィルロアー　　　　　　　　　　　 16.4  4.0  6.5  7.3  4.6 25 11.8                           
081931080715100651テイエムヨハネス　　　　　　　　　　 16.7  4.0  5.1  9.2  4.6 25  9.3                           
081931080815105026シエラネバダ　　　　　　　　　　　　  5.5  1.9 18.0 14.8 11.0 31  8.2                           
081931080915105573エクスパートラン　　　　　　　　　　 51.7 10.9-10.9  0.6 -3.8 16  0.0  5                        
081931081014110026タピゾー　　　　　　　　　　　　　　  4.1  1.6 13.0 19.9 10.7 31 10.8                           
081931081113103653ライトブリンガー　　　　　　　　　　 42.2  9.1-11.4 -7.0 -6.3 14  0.0                           
081931081215104436サトノエメラルド　　　　　　　　　　  6.0  2.0 13.1 15.6  9.5 29 12.6                           
081931081315103227マンナム　　　　　　　　　　　　　　  7.1  2.3  7.9 11.0  6.2 26 13.5  5                        
081931081415104132ルリジオン　　　　　　　　　　　　　 16.4  4.0 -8.3 -2.6 -3.8 16  0.0                           
081931090116104429ドラウプニル　　　　　　　　　　　　  2.5  1.3 18.6 17.2 12.0 32 18.0                           
081931090216105085クオンタムシフト　　　　　　　　　　 11.6  4.5 -5.6-15.6 -6.7 13 22.6  0                        
081931090316105169ジャストアジゴロ　　　　　　　　　　  2.6  1.3 17.0 16.2 11.1 31 16.4                           
081931090416101093ダンツキャッスル　　　　　　　　　　 11.4  4.4 -0.3  2.1  0.5 21  0.0                           
081931090516100559ミトノマルーン　　　　　　　　　　　 10.8  4.2  1.9  3.4  1.7 22  0.0                           
081931090616100603プリカジュール　　　　　　　　　　　 19.8  7.5-10.8-10.2 -7.0 13  0.0                           
081931090716104668カリボール　　　　　　　　　　　　　  4.1  2.0 20.2 12.3 11.1 31 21.3                           
081931100113103343ユウチェンジ　　　　　　　　　　　　 27.8  8.3-10.9-11.4 -7.4 23  0.0                           
081931100215101879テイエムオスカー　　　　　　　　　　 27.1  8.1-11.4-15.8 -8.9 21  0.0                           
081931100313103564アドマイヤキズナ　　　　　　　　　　  9.4  3.4  8.2  6.9  5.1 35  0.0                           
081931100415104322サウンドキアラ　　　　　　　　　　　  1.7  1.2 21.8 21.1 14.3 44 18.0                           
081931100514103524メイショウグロッケ　　　　　　　　　  5.3  2.0 15.4 25.1 13.2 43 19.8                           
081931100614105338オールザゴー　　　　　　　　　　　　  4.9  1.9 11.8 16.7  9.3 39 16.4                           
081931100715103247ドラグーンシチー　　　　　　　　　　  5.1  2.0 11.5 11.8  7.8 38 21.3                           
081931110112102404エリーティアラ　　　　　　　　　　　 42.4  7.8 -9.7-10.5 -6.7 28  0.0                           
081931110213100756キアロスクーロ　　　　　　　　　　　  8.9  2.4 -4.7  6.3  0.2 35  0.0                           
081931110314105982レッドアンシェル　　　　　　　　　　  3.3  1.5  9.1 20.9  9.6 45  8.8                           
081931110414100686エンゲルヘン　　　　　　　　　　　　  3.0  1.4 16.5 14.7 10.5 45  8.1                           
081931110513101358アイファープリティ　　　　　　　　　 33.0  6.2 -8.7 -8.6 -5.8 29  0.0                           
081931110615101786ニシノキントウン　　　　　　　　　　 22.4  4.4 -2.6-13.8 -5.1 30  0.0                           
081931110713102399ワンアフター　　　　　　　　　　　　 11.5  2.6  8.2 36.7 14.0 49 17.2  1  162   44              
081931110813101207ブライティアレディ　　　　　　　　　 17.4  3.6  1.2 -3.5 -0.6 34 16.2                           
081931110913101476レーヴムーン　　　　　　　　　　　　 39.4  7.3-11.4 -8.1 -6.6 28  0.0                           
081931111012101643イサチルホープ　　　　　　　　　　　 13.7  3.0  0.7-10.9 -3.0 32 26.2                           
081931111113106125オデュッセウス　　　　　　　　　　　 14.1  3.1  5.8  8.8  4.8 40  0.0                           
081931111215105214メイケイダイハード　　　　　　　　　 29.5  5.6-10.9 -8.6 -6.6 28 18.9                           
081931111313105855ラベンダーヴァレイ　　　　　　　　　 10.9  2.5 10.4  5.4  5.4 40  0.0                           
081931111414104351ヤマカツグレース　　　　　　　　　　 21.0  4.3 -3.8  4.9  0.1 35  0.0                           
081931120114105543カレンカカ　　　　　　　　　　　　　  3.9  1.6 12.6 11.1  7.9 38 10.8                           
081931120215105691ニホンピロマドン　　　　　　　　　　102.4 20.0-10.9-15.3 -8.6 21  0.0  0                        
081931120314105850エルデュクラージュ　　　　　　　　　  8.4  2.5  6.8  5.3  4.1 34  0.0                           
081931120414109151テイエムチューハイ　　　　　　　　　 26.0  5.7 -8.3-14.7 -7.5 23 10.8                           
081931120514103215サザンブリーズ　　　　　　　　　　　 12.9  3.2  0.6  3.8  1.4 31 11.0                           
081931120615102906キングフォルテ　　　　　　　　　　　 29.1  6.3-10.9-10.3 -7.1 23  0.0                           
081931120715101229マイネルオスカル　　　　　　　　　　 21.9  4.9 -5.6 -7.0 -4.2 26  0.0                           
081931120813103668ブリーズスズカ　　　　　　　　　　　 50.5 10.4-10.9-20.0-10.0 20  0.0  0                        
081931120914102730ヴォカツィオーネ　　　　　　　　　　 32.7  7.0 -7.7-12.6 -6.6 23 14.5                           
081931121014102735アスターゴールド　　　　　　　　　　 15.8  3.8 -5.6 12.0  1.5 32  0.0                           
081931121115100748マイネルカイノン　　　　　　　　　　  5.7  1.9 14.2  6.3  7.1 37 21.3                           
081931121212104246ナリタゴールド　　　　　　　　　　　 17.9  4.2 -8.7-10.2 -6.3 24  0.0                           
081931121315106050タマモカトレア　　　　　　　　　　　 17.8  4.2  3.5 10.1  4.3 34 29.4                           
081931121415104837グーテンターク　　　　　　　　　　　 13.2  3.3 -0.8  8.6  2.3 32  0.0                           
081931121514105057マイアフェクション　　　　　　　　　 63.6 12.6-10.9-15.2 -8.6 21  0.0                           
081931121614104962ナムラヘラクレス　　　　　　　　　　  3.7  1.6 14.7 24.4 12.7 43  0.0  1  169   39              
